37,
0.000000f,51.774010,51.774010,51.774010,
1.266333f,51.774010,51.774010,51.774010,
1.266333f,33.263638,33.263638,33.263638,
6.099334f,33.263638,33.263638,33.263638,
6.099334f,36.336365,36.336365,36.336365,
8.566333f,36.336365,36.336365,36.336365,
8.566333f,51.774010,51.774010,51.774010,
11.699332f,51.774010,51.774010,51.774010,
11.699332f,33.263638,33.263638,33.263638,
24.099332f,33.263638,33.263638,33.263638,
24.099332f,51.774010,51.774010,51.774010,
30.332334f,51.774010,51.774010,51.774010,
30.333333f,51.774010,51.774010,51.774010,
32.532334f,51.774010,51.774010,51.774010,
32.533334f,51.774010,51.774010,51.774010,
36.666333f,51.774010,51.774010,51.774010,
36.666333f,51.774010,51.774010,51.774010,
39.032334f,51.774010,51.774010,51.774010,
39.033334f,51.774010,51.774010,51.774010,
43.016332f,51.774010,51.774010,51.774010,
43.016332f,51.774010,51.774010,51.774010,
44.099332f,51.774010,51.774010,51.774010,
44.099332f,51.774010,51.774010,51.774010,
46.982331f,51.774010,51.774010,51.774010,
46.983335f,67.063637,67.063637,67.063637,
48.599332f,67.063637,67.063637,67.063637,
48.599332f,67.063637,67.063637,67.063637,
49.149335f,67.063637,67.063637,67.063637,
49.149335f,67.063637,67.063637,67.063637,
52.066335f,67.063637,67.063637,67.063637,
52.066335f,80.890907,80.890907,80.890907,
57.432332f,80.890907,80.890907,80.890907,
57.433331f,80.890907,80.890907,80.890907,
62.366330f,80.890907,80.890907,80.890907,
62.366330f,80.890907,80.890907,80.890907,
63.766332f,80.890907,80.890907,80.890907,
63.766667f,80.890907,80.890907,80.890907,
;
37,
0.000000f,0.000000,0.000000,0.000000,
1.266333f,0.000000,0.000000,0.000000,
1.266333f,0.000000,0.000000,0.000000,
6.099334f,0.000000,0.000000,0.000000,
6.099334f,0.000000,0.000000,0.000000,
8.566333f,0.000000,0.000000,0.000000,
8.566333f,0.000000,0.000000,0.000000,
11.699332f,0.000000,0.000000,0.000000,
11.699332f,0.000000,0.000000,0.000000,
24.099332f,0.000000,0.000000,0.000000,
24.099332f,0.000000,0.000000,0.000000,
30.332334f,0.000000,0.000000,0.000000,
30.333333f,0.000000,0.000000,0.000000,
32.532334f,0.000000,0.000000,0.000000,
32.533334f,0.000000,0.000000,0.000000,
36.666333f,0.000000,0.000000,0.000000,
36.666333f,0.000000,0.000000,0.000000,
39.032334f,0.000000,0.000000,0.000000,
39.033334f,0.000000,0.000000,0.000000,
43.016332f,0.000000,0.000000,0.000000,
43.016332f,0.000000,0.000000,0.000000,
44.099332f,0.000000,0.000000,0.000000,
44.099332f,0.000000,0.000000,0.000000,
46.982331f,0.000000,0.000000,0.000000,
46.983335f,0.000000,0.000000,0.000000,
48.599332f,0.000000,0.000000,0.000000,
48.599332f,0.000000,0.000000,0.000000,
49.149335f,0.000000,0.000000,0.000000,
49.149335f,0.000000,0.000000,0.000000,
52.066335f,0.000000,0.000000,0.000000,
52.066335f,0.000000,0.000000,0.000000,
57.432332f,0.000000,0.000000,0.000000,
57.433331f,0.000000,0.000000,0.000000,
62.366330f,0.000000,0.000000,0.000000,
62.366330f,0.000000,0.000000,0.000000,
63.766332f,0.000000,0.000000,0.000000,
63.766667f,0.000000,0.000000,0.000000,
;
481,
0.000000f,-2.186652,7.974135,1.045100,-2.186652,7.974135,1.045100,-2.186652,7.974135,1.045100,
1.266333f,-2.186652,7.974135,1.045100,-2.186652,7.974135,1.045100,-2.186652,7.974135,1.045100,
1.286333f,-2.024346,5.010486,1.490615,-2.024346,5.010486,1.490615,-2.024442,5.012226,1.490935,
1.333333f,-2.024759,5.017956,1.491987,-2.024661,5.016185,1.491662,-2.024967,5.021722,1.492679,
1.433333f,-2.025391,5.029402,1.494090,-2.025177,5.025538,1.493380,-2.025604,5.033267,1.494800,
1.533334f,-2.026039,5.041142,1.496247,-2.025818,5.037175,1.495517,-2.026260,5.045110,1.496977,
1.633332f,-2.026717,5.053208,1.498469,-2.026390,5.048903,1.497636,-2.027044,5.057512,1.499302,
1.733333f,-2.028002,5.066971,1.501243,-2.027446,5.061997,1.500198,-2.028558,5.071945,1.502289,
1.833333f,-2.030055,5.083053,1.504743,-2.029276,5.077332,1.503475,-2.030834,5.088774,1.506010,
1.933333f,-2.032676,5.101299,1.508850,-2.031741,5.094883,1.507399,-2.033611,5.107715,1.510300,
2.033334f,-2.035664,5.121552,1.513445,-2.034640,5.114493,1.511852,-2.036687,5.128611,1.515038,
2.133332f,-2.038817,5.143656,1.518410,-2.037772,5.136007,1.516713,-2.039863,5.151305,1.520107,
2.233333f,-2.041936,5.167452,1.523626,-2.040936,5.159265,1.521865,-2.042937,5.175639,1.525387,
2.333333f,-2.044820,5.192784,1.528975,-2.043932,5.184111,1.527190,-2.045709,5.201458,1.530760,
2.433333f,-2.047268,5.219496,1.534337,-2.046558,5.210389,1.532568,-2.047978,5.228603,1.536107,
2.533334f,-2.049080,5.247432,1.539595,-2.048616,5.237944,1.537880,-2.049544,5.256920,1.541310,
2.633332f,-2.050055,5.276432,1.544630,-2.049903,5.266614,1.543009,-2.050206,5.286249,1.546251,
2.733333f,-2.049991,5.306341,1.549322,-2.050219,5.296247,1.547835,-2.049764,5.316435,1.550809,
2.833333f,-2.048690,5.337002,1.553554,-2.049363,5.326683,1.552240,-2.048016,5.347321,1.554868,
2.933333f,-2.045949,5.368258,1.557206,-2.047149,5.357817,1.556088,-2.044748,5.378700,1.558324,
3.033334f,-2.041488,5.399658,1.560260,-2.043304,5.389322,1.559296,-2.039672,5.409995,1.561224,
3.133332f,-2.035052,5.430284,1.562989,-2.037490,5.420174,1.562125,-2.032615,5.440394,1.563853,
3.233333f,-2.026860,5.460326,1.565443,-2.029842,5.450364,1.564666,-2.023879,5.470287,1.566220,
3.333333f,-2.017159,5.490058,1.567649,-2.020603,5.480155,1.566951,-2.013714,5.499961,1.568348,
3.433333f,-2.006193,5.519752,1.569636,-2.010017,5.509816,1.569006,-2.002369,5.529688,1.570266,
3.533334f,-1.994210,5.549681,1.571430,-1.998333,5.539621,1.570860,-1.990088,5.559740,1.572001,
3.633332f,-1.981457,5.580116,1.573061,-1.985795,5.569842,1.572540,-1.977119,5.590391,1.573581,
3.733333f,-1.968179,5.611331,1.574554,-1.972651,5.600752,1.574074,-1.963707,5.621911,1.575034,
3.833333f,-1.954624,5.643600,1.575938,-1.959147,5.632624,1.575490,-1.950100,5.654575,1.576386,
3.933333f,-1.941037,5.677193,1.577241,-1.945529,5.665730,1.576816,-1.936544,5.688655,1.577667,
4.033334f,-1.927665,5.712383,1.578491,-1.932045,5.700343,1.578079,-1.923285,5.724424,1.578903,
4.133332f,-1.914754,5.749444,1.579714,-1.918939,5.736735,1.579306,-1.910569,5.762153,1.580122,
4.233333f,-1.902551,5.788647,1.580939,-1.906459,5.775178,1.580526,-1.898643,5.802115,1.581352,
4.333333f,-1.891302,5.830266,1.582194,-1.894852,5.815946,1.581766,-1.887753,5.844585,1.582622,
4.433333f,-1.881254,5.874572,1.583506,-1.884362,5.859311,1.583054,-1.878147,5.889832,1.583957,
4.533334f,-1.872654,5.921839,1.584902,-1.875238,5.905546,1.584418,-1.870069,5.938131,1.585386,
4.633332f,-1.865746,5.972339,1.586411,-1.867725,5.954923,1.585885,-1.863767,5.989755,1.586938,
4.733333f,-1.860779,6.026344,1.588060,-1.862070,6.007714,1.587483,-1.859488,6.044974,1.588638,
4.833333f,-1.857998,6.084128,1.589878,-1.858519,6.064194,1.589239,-1.857476,6.104063,1.590516,
4.933333f,-1.857650,6.145963,1.591890,-1.857274,6.124035,1.591180,-1.858025,6.167892,1.592600,
5.033334f,-1.860250,6.215711,1.594138,-1.858878,6.190724,1.593351,-1.861623,6.240697,1.594925,
5.133332f,-1.865883,6.295897,1.596613,-1.863568,6.267721,1.595757,-1.868199,6.324075,1.597468,
5.233333f,-1.874144,6.384790,1.599273,-1.871020,6.354001,1.598362,-1.877268,6.415580,1.600183,
5.333333f,-1.884629,6.480655,1.602076,-1.880831,6.447830,1.601125,-1.888428,6.513480,1.603028,
5.433333f,-1.896936,6.581761,1.604982,-1.892598,6.547478,1.604003,-1.901273,6.616044,1.605960,
5.533334f,-1.910659,6.686373,1.607947,-1.905916,6.651210,1.606956,-1.915401,6.721536,1.608939,
5.633332f,-1.925395,6.792760,1.610931,-1.920382,6.757295,1.609941,-1.930408,6.828226,1.611922,
5.733333f,-1.940741,6.899188,1.613891,-1.935592,6.863997,1.612915,-1.945890,6.934379,1.614867,
5.833333f,-1.956293,7.003924,1.616785,-1.951143,6.969586,1.615838,-1.961443,7.038262,1.617732,
5.933333f,-1.971647,7.105236,1.619572,-1.966630,7.072328,1.618668,-1.976664,7.138144,1.620476,
6.033334f,-1.986399,7.201391,1.622209,-1.981650,7.170491,1.621362,-1.989534,7.221785,1.622769,
6.099334f,-1.995705,7.261794,1.623865,-1.992718,7.242411,1.623333,-1.996611,7.267668,1.624026,
6.119334f,-0.340197,12.074980,1.301435,-0.340197,12.074980,1.301435,-0.340033,12.075310,1.301466,
6.133332f,-0.339020,12.077347,1.301659,-0.339186,12.077014,1.301627,-0.337839,12.079722,1.301883,
6.233333f,-0.335443,12.084543,1.302338,-0.336646,12.081915,1.302109,-0.334240,12.087172,1.302567,
6.333333f,-0.331803,12.093116,1.303034,-0.333029,12.089850,1.302798,-0.330578,12.096381,1.303269,
6.433333f,-0.328088,12.104136,1.303752,-0.329343,12.100098,1.303508,-0.326832,12.108175,1.303996,
6.533334f,-0.324268,12.117352,1.304497,-0.325563,12.112624,1.304244,-0.322973,12.122081,1.304751,
6.633332f,-0.320315,12.132508,1.305274,-0.321660,12.127175,1.305009,-0.318971,12.137841,1.305539,
6.733333f,-0.316201,12.149351,1.306086,-0.317604,12.143497,1.305809,-0.314798,12.155205,1.306363,
6.833333f,-0.311897,12.167631,1.306938,-0.313368,12.161342,1.306647,-0.310426,12.173921,1.307229,
6.933333f,-0.307374,12.187093,1.307834,-0.308923,12.180451,1.307527,-0.305825,12.193734,1.308141,
7.033334f,-0.302604,12.207482,1.308779,-0.304240,12.200574,1.308455,-0.300968,12.214391,1.309102,
7.133332f,-0.297558,12.228548,1.309776,-0.299290,12.221457,1.309434,-0.295825,12.235640,1.310118,
7.233333f,-0.292207,12.250037,1.310831,-0.294046,12.242846,1.310469,-0.290368,12.257228,1.311193,
7.333333f,-0.286524,12.271695,1.311947,-0.288478,12.264490,1.311564,-0.284569,12.278900,1.312330,
7.433333f,-0.280478,12.293270,1.313129,-0.282558,12.286136,1.312724,-0.278398,12.300405,1.313535,
7.533334f,-0.274043,12.314507,1.314381,-0.276257,12.307527,1.313952,-0.271828,12.321487,1.314811,
7.633332f,-0.267188,12.335157,1.315708,-0.269547,12.328416,1.315252,-0.264829,12.341899,1.316163,
7.733333f,-0.259886,12.354963,1.317113,-0.262399,12.348545,1.316630,-0.257373,12.361382,1.317595,
7.833333f,-0.252108,12.373672,1.318601,-0.254784,12.367661,1.318090,-0.249431,12.379683,1.319111,
7.933333f,-0.243825,12.391034,1.320176,-0.246674,12.385515,1.319636,-0.240975,12.396553,1.320716,
8.033334f,-0.235008,12.406792,1.321843,-0.238041,12.401849,1.321271,-0.231976,12.411735,1.322415,
8.133332f,-0.225630,12.420695,1.323606,-0.228854,12.416412,1.323002,-0.222406,12.424978,1.324210,
8.233333f,-0.215662,12.432491,1.325469,-0.219087,12.428953,1.324831,-0.212236,12.436029,1.326108,
8.333333f,-0.205074,12.441925,1.327437,-0.208711,12.439217,1.326763,-0.201437,12.444633,1.328111,
8.433333f,-0.193838,12.448745,1.329514,-0.197696,12.446950,1.328803,-0.189981,12.450540,1.330225,
8.533334f,-0.181926,12.452698,1.331703,-0.186014,12.451900,1.330954,-0.180577,12.452961,1.331951,
8.566333f,-0.177800,12.453331,1.332459,-0.179174,12.453177,1.332208,-0.176967,12.453424,1.332612,
8.586333f,-1.929568,9.080064,1.580384,-1.929568,9.080064,1.580384,-1.929568,9.080064,1.580384,
11.699332f,-1.929568,9.080064,1.580384,-1.929568,9.080064,1.580384,-1.929568,9.080064,1.580384,
11.719333f,-0.113313,13.291964,1.195910,-0.113313,13.291964,1.195910,-0.113074,13.293053,1.195829,
11.733333f,-0.111587,13.299830,1.195327,-0.111834,13.298708,1.195410,-0.111003,13.302477,1.195130,
11.766334f,-0.109776,13.308005,1.194717,-0.110387,13.305258,1.194922,-0.109165,13.310753,1.194511,
11.799333f,-0.107881,13.316485,1.194080,-0.108520,13.313638,1.194295,-0.107223,13.319419,1.193860,
11.833333f,-0.105904,13.325265,1.193418,-0.106590,13.322230,1.193648,-0.105238,13.328211,1.193195,
11.866334f,-0.103846,13.334338,1.192730,-0.104538,13.331296,1.192961,-0.103154,13.337379,1.192499,
11.899333f,-0.101708,13.343700,1.192018,-0.102426,13.340565,1.192257,-0.100968,13.346931,1.191771,
11.933333f,-0.099492,13.353347,1.191281,-0.100258,13.350020,1.191535,-0.098748,13.356576,1.191034,
11.966332f,-0.097198,13.363273,1.190520,-0.097967,13.359953,1.190775,-0.096429,13.366593,1.190265,
11.999333f,-0.094829,13.373471,1.189736,-0.095623,13.370062,1.189999,-0.094011,13.376984,1.189466,
12.033334f,-0.092386,13.383938,1.188930,-0.093229,13.380335,1.189208,-0.091567,13.387435,1.188660,
12.066333f,-0.089869,13.394668,1.188101,-0.090711,13.391085,1.188378,-0.089027,13.398251,1.187824,
12.099334f,-0.087281,13.405655,1.187251,-0.088147,13.401987,1.187535,-0.086390,13.409433,1.186959,
12.133332f,-0.084623,13.416897,1.186380,-0.085539,13.413033,1.186680,-0.083735,13.420647,1.186089,
12.166333f,-0.081896,13.428385,1.185489,-0.082807,13.424554,1.185786,-0.080985,13.432216,1.185191,
12.199332f,-0.079101,13.440114,1.184577,-0.080034,13.436204,1.184881,-0.078140,13.444142,1.184264,
12.233333f,-0.076241,13.452084,1.183647,-0.077224,13.447975,1.183966,-0.075286,13.456071,1.183337,
12.266334f,-0.073315,13.464283,1.182698,-0.074291,13.460220,1.183014,-0.072339,13.468346,1.182381,
12.299333f,-0.070326,13.476710,1.181730,-0.071322,13.472573,1.182052,-0.069299,13.480972,1.181398,
12.333333f,-0.067274,13.489358,1.180745,-0.068322,13.485022,1.181083,-0.066257,13.493567,1.180417,
12.366334f,-0.064162,13.502223,1.179743,-0.065199,13.497943,1.180076,-0.063125,13.506503,1.179409,
12.399333f,-0.060991,13.515299,1.178724,-0.062047,13.510950,1.179063,-0.059902,13.519779,1.178375,
12.433333f,-0.057761,13.528582,1.177689,-0.058868,13.524032,1.178044,-0.056686,13.532997,1.177345,
12.466332f,-0.054475,13.542065,1.176639,-0.055568,13.537583,1.176988,-0.053381,13.546546,1.176290,
12.499333f,-0.051133,13.555745,1.175574,-0.052244,13.551200,1.175928,-0.049988,13.560429,1.175210,
12.533334f,-0.047737,13.569615,1.174495,-0.048900,13.564869,1.174864,-0.046608,13.574223,1.174137,
12.566333f,-0.044289,13.583671,1.173402,-0.045435,13.579003,1.173765,-0.043142,13.588338,1.173040,
12.599334f,-0.040789,13.597906,1.172296,-0.041952,13.593180,1.172663,-0.039591,13.602776,1.171918,
12.633332f,-0.037239,13.612318,1.171177,-0.038454,13.607390,1.171560,-0.036060,13.617102,1.170806,
12.666333f,-0.033641,13.626899,1.170047,-0.034836,13.622060,1.170422,-0.032446,13.631737,1.169672,
12.699332f,-0.029996,13.641644,1.168904,-0.031206,13.636752,1.169283,-0.028748,13.646684,1.168514,
12.733333f,-0.026304,13.656550,1.167751,-0.027567,13.651457,1.168145,-0.025079,13.661494,1.167369,
12.766334f,-0.022568,13.671610,1.166587,-0.023808,13.666615,1.166973,-0.021328,13.676603,1.166202,
12.799333f,-0.018789,13.686818,1.165414,-0.020043,13.681776,1.165803,-0.017497,13.692014,1.165013,
12.833333f,-0.014968,13.702172,1.164231,-0.016274,13.696929,1.164635,-0.013701,13.707261,1.163839,
12.866334f,-0.011107,13.717665,1.163040,-0.012387,13.712530,1.163434,-0.009826,13.722798,1.162645,
12.899333f,-0.007206,13.733291,1.161840,-0.008499,13.728113,1.162237,-0.005874,13.738625,1.161431,
12.933333f,-0.003268,13.749045,1.160633,-0.004613,13.743669,1.161044,-0.001962,13.754264,1.160233,
12.966332f,0.000707,13.764923,1.159418,-0.000610,13.759665,1.159820,0.002024,13.770182,1.159017,
12.999333f,0.004717,13.780919,1.158198,0.003388,13.775622,1.158601,0.006085,13.786377,1.157781,
13.033334f,0.008760,13.797029,1.156971,0.007380,13.791533,1.157389,0.010100,13.802361,1.156565,
13.066333f,0.012836,13.813246,1.155739,0.011486,13.807878,1.156146,0.014186,13.818614,1.155331,
13.099334f,0.016943,13.829565,1.154502,0.015583,13.824163,1.154910,0.018344,13.835130,1.154080,
13.133332f,0.021079,13.845983,1.153260,0.019668,13.840385,1.153683,0.022449,13.851416,1.152850,
13.166333f,0.025244,13.862493,1.152015,0.023865,13.857030,1.152427,0.026623,13.867954,1.151604,
13.199332f,0.029436,13.879089,1.150767,0.028048,13.873600,1.151179,0.030865,13.884746,1.150342,
13.233333f,0.033653,13.895767,1.149516,0.032215,13.890084,1.149942,0.035049,13.901283,1.149103,
13.266334f,0.037894,13.912523,1.148263,0.036491,13.906982,1.148677,0.039298,13.918064,1.147850,
13.299333f,0.042159,13.929352,1.147009,0.040748,13.923788,1.147423,0.043612,13.935084,1.146582,
13.333333f,0.046445,13.946245,1.145754,0.044984,13.940492,1.146181,0.047862,13.951830,1.145339,
13.366334f,0.050751,13.963201,1.144498,0.049327,13.957597,1.144912,0.052175,13.968804,1.144084,
13.399333f,0.055076,13.980211,1.143242,0.053646,13.974590,1.143656,0.056549,13.986003,1.142816,
13.433333f,0.059418,13.997273,1.141988,0.057939,13.991465,1.142414,0.060854,14.002911,1.141574,
13.466332f,0.063776,14.014382,1.140734,0.062336,14.008731,1.141147,0.065217,14.020034,1.140321,
13.499333f,0.068150,14.031530,1.139482,0.066704,14.025866,1.139895,0.069639,14.037366,1.139057,
13.533334f,0.072536,14.048715,1.138233,0.071043,14.042868,1.138657,0.073986,14.054390,1.137821,
13.566333f,0.076935,14.065928,1.136987,0.075482,14.060245,1.137397,0.078388,14.071613,1.136576,
13.599334f,0.081344,14.083169,1.135744,0.079888,14.077477,1.136153,0.082845,14.089033,1.135322,
13.633332f,0.085763,14.100429,1.134505,0.084260,14.094559,1.134925,0.087222,14.106126,1.134097,
13.666333f,0.090190,14.117702,1.133271,0.088728,14.112000,1.133677,0.091651,14.123404,1.132864,
13.699332f,0.094623,14.134986,1.132042,0.093159,14.129282,1.132447,0.096131,14.140862,1.131625,
13.733333f,0.099061,14.152274,1.130819,0.097552,14.146397,1.131233,0.100527,14.157979,1.130416,
13.766334f,0.103504,14.169561,1.129602,0.102038,14.163857,1.130002,0.104970,14.175264,1.129201,
13.799333f,0.107949,14.186843,1.128392,0.106482,14.181143,1.128790,0.109460,14.192717,1.127981,
13.833333f,0.112395,14.204113,1.127189,0.110884,14.198244,1.127596,0.113862,14.209809,1.126793,
13.866334f,0.116841,14.221367,1.125994,0.115374,14.215677,1.126387,0.118308,14.227057,1.125601,
13.899333f,0.121286,14.238600,1.124808,0.119820,14.232918,1.125198,0.122797,14.244453,1.124406,
13.933333f,0.125728,14.255805,1.123630,0.124218,14.249961,1.124029,0.127193,14.261477,1.123244,
13.966332f,0.130165,14.272980,1.122463,0.128702,14.267319,1.122846,0.131629,14.278641,1.122079,
13.999333f,0.134597,14.290117,1.121305,0.133136,14.284470,1.121686,0.136103,14.295937,1.120914,
14.033334f,0.139022,14.307212,1.120159,0.137519,14.301408,1.120547,0.140481,14.312844,1.119782,
14.066333f,0.143439,14.324259,1.119023,0.141983,14.318643,1.119396,0.144895,14.329875,1.118651,
14.099334f,0.147846,14.341253,1.117900,0.146394,14.335654,1.118268,0.149343,14.347021,1.117520,
14.133332f,0.152243,14.358191,1.116789,0.150750,14.352445,1.117164,0.153691,14.363770,1.116424,
14.166333f,0.156627,14.375066,1.115690,0.155182,14.369509,1.116050,0.158071,14.380622,1.115330,
14.199332f,0.160997,14.391872,1.114606,0.159557,14.386339,1.114961,0.162480,14.397573,1.114239,
14.233333f,0.165352,14.408606,1.113535,0.163874,14.402930,1.113896,0.166786,14.414114,1.113184,
14.266334f,0.169691,14.425260,1.112479,0.168262,14.419778,1.112825,0.171120,14.430741,1.112133,
14.299333f,0.174012,14.441832,1.111438,0.172589,14.436378,1.111779,0.175478,14.447451,1.111087,
14.333333f,0.178314,14.458314,1.110413,0.176855,14.452726,1.110759,0.179730,14.463737,1.110078,
14.366334f,0.182595,14.474703,1.109404,0.181186,14.469312,1.109734,0.184005,14.480094,1.109074,
14.399333f,0.186855,14.490993,1.108412,0.185454,14.485635,1.108737,0.188299,14.496512,1.108078,
14.433333f,0.191092,14.507177,1.107438,0.189655,14.501694,1.107766,0.192485,14.512500,1.107119,
14.466332f,0.195304,14.523252,1.106481,0.193918,14.517967,1.106794,0.196689,14.528539,1.106169,
14.499333f,0.199490,14.539215,1.105543,0.198113,14.533968,1.105850,0.200908,14.544621,1.105227,
14.533334f,0.203649,14.555056,1.104624,0.202240,14.549691,1.104933,0.205017,14.560262,1.104324,
14.566333f,0.207779,14.570772,1.103725,0.206421,14.565608,1.104018,0.209137,14.575936,1.103431,
14.599334f,0.211880,14.586358,1.102846,0.210532,14.581237,1.103132,0.213268,14.591634,1.102550,
14.633332f,0.215949,14.601810,1.101987,0.214571,14.596581,1.102275,0.217286,14.606885,1.101707,
14.666333f,0.219986,14.617120,1.101150,0.218659,14.612092,1.101423,0.221312,14.622148,1.100877,
14.699332f,0.223988,14.632285,1.100335,0.222673,14.627306,1.100600,0.225343,14.637415,1.100061,
14.733333f,0.227955,14.647300,1.099542,0.226613,14.642221,1.099807,0.229258,14.652228,1.099284,
14.766334f,0.231886,14.662158,1.098772,0.230595,14.657282,1.099022,0.233176,14.667034,1.098522,
14.799333f,0.235778,14.676854,1.098025,0.234501,14.672032,1.098268,0.237095,14.681823,1.097776,
14.833333f,0.239631,14.691385,1.097303,0.238328,14.686475,1.097545,0.240896,14.696152,1.097069,
14.866334f,0.243444,14.705745,1.096605,0.242193,14.701035,1.096831,0.244695,14.710453,1.096379,
14.899333f,0.247214,14.719927,1.095933,0.245977,14.715278,1.096151,0.248488,14.724717,1.095709,
14.933333f,0.250941,14.733927,1.095286,0.249681,14.729198,1.095502,0.252163,14.738516,1.095077,
14.966332f,0.254623,14.747740,1.094666,0.253415,14.743214,1.094866,0.255830,14.752266,1.094465,
14.999333f,0.258258,14.761362,1.094072,0.257067,14.756900,1.094264,0.259486,14.765960,1.093875,
15.033334f,0.261847,14.774785,1.093506,0.260635,14.770256,1.093694,0.263023,14.779181,1.093324,
15.066333f,0.265386,14.788006,1.092968,0.264226,14.783677,1.093141,0.266546,14.792335,1.092795,
15.099334f,0.268875,14.801021,1.092458,0.267732,14.796762,1.092621,0.270052,14.805408,1.092290,
15.133332f,0.272312,14.813821,1.091977,0.271153,14.809506,1.092136,0.273438,14.818008,1.091824,
15.166333f,0.275697,14.826404,1.091527,0.274589,14.822289,1.091670,0.276805,14.830519,1.091383,
15.199332f,0.279027,14.838762,1.091106,0.277938,14.834722,1.091239,0.280150,14.842925,1.090968,
15.233333f,0.282302,14.850893,1.090716,0.281198,14.846808,1.090843,0.283373,14.854857,1.090592,
15.266334f,0.285520,14.862790,1.090357,0.284467,14.858904,1.090470,0.286572,14.866676,1.090244,
15.299333f,0.288679,14.874449,1.090030,0.287646,14.870642,1.090133,0.289743,14.878371,1.089924,
15.333333f,0.291778,14.885864,1.089736,0.290735,14.882026,1.089830,0.292791,14.889589,1.089644,
15.366334f,0.294817,14.897029,1.089474,0.293825,14.893387,1.089555,0.295809,14.900671,1.089393,
15.399333f,0.297793,14.907939,1.089246,0.296822,14.904382,1.089316,0.298794,14.911604,1.089174,
15.433333f,0.300705,14.918591,1.089052,0.299715,14.915002,1.089114,0.301666,14.922074,1.088992,
15.466332f,0.303618,14.929053,1.088883,0.302646,14.925620,1.088937,0.304589,14.932487,1.088830,
15.499333f,0.306595,14.939401,1.088729,0.305602,14.936006,1.088778,0.307617,14.942899,1.088679,
15.533334f,0.309634,14.949634,1.088590,0.308590,14.946174,1.088635,0.310647,14.952991,1.088547,
15.566333f,0.312735,14.959756,1.088466,0.311702,14.956435,1.088505,0.313769,14.963078,1.088428,
15.599334f,0.315897,14.969764,1.088357,0.314844,14.966479,1.088390,0.316982,14.973147,1.088322,
15.633332f,0.319118,14.979664,1.088262,0.318013,14.976316,1.088292,0.320190,14.982913,1.088233,
15.666333f,0.322396,14.989455,1.088182,0.321305,14.986242,1.088206,0.323487,14.992668,1.088158,
15.699332f,0.325731,14.999138,1.088116,0.324622,14.995960,1.088135,0.326874,15.002412,1.088096,
15.733333f,0.329121,15.008715,1.088065,0.327960,15.005477,1.088080,0.330249,15.011857,1.088050,
15.766334f,0.332565,15.018186,1.088028,0.331420,15.015078,1.088037,0.333710,15.021294,1.088018,
15.799333f,0.336062,15.027554,1.088004,0.334899,15.024480,1.088010,0.337259,15.030721,1.087999,
15.833333f,0.339609,15.036818,1.087995,0.338395,15.033686,1.087996,0.340788,15.039858,1.087995,
15.866334f,0.343207,15.045979,1.088000,0.342012,15.042973,1.087996,0.344402,15.048986,1.088004,
15.899333f,0.346854,15.055042,1.088019,0.345643,15.052069,1.088010,0.348101,15.058106,1.088028,
15.933333f,0.350547,15.064006,1.088051,0.349284,15.060975,1.088038,0.351774,15.066947,1.088064,
15.966332f,0.354287,15.072871,1.088097,0.353046,15.069963,1.088080,0.355528,15.075781,1.088115,
15.999333f,0.358072,15.081639,1.088156,0.356816,15.078762,1.088135,0.359366,15.084604,1.088179,
16.033333f,0.361900,15.090312,1.088229,0.360591,15.087379,1.088202,0.363170,15.093158,1.088255,
16.066334f,0.365770,15.098890,1.088315,0.364486,15.096075,1.088285,0.367054,15.101706,1.088346,
16.099335f,0.369681,15.107375,1.088414,0.368384,15.104590,1.088379,0.371018,15.110244,1.088450,
16.133331f,0.373632,15.115768,1.088526,0.372283,15.112930,1.088486,0.374942,15.118523,1.088565,
16.166332f,0.377622,15.124071,1.088652,0.376299,15.121346,1.088608,0.378944,15.126796,1.088695,
16.199333f,0.381648,15.132285,1.088789,0.380313,15.129590,1.088742,0.383023,15.135062,1.088838,
16.233334f,0.385710,15.140409,1.088940,0.384323,15.137661,1.088886,0.387056,15.143075,1.088992,
16.266335f,0.389806,15.148447,1.089103,0.388449,15.145809,1.089047,0.391163,15.151085,1.089159,
16.299332f,0.393935,15.156399,1.089279,0.392568,15.153790,1.089219,0.395345,15.159087,1.089341,
16.333332f,0.398097,15.164265,1.089467,0.396677,15.161605,1.089401,0.399475,15.166846,1.089531,
16.366333f,0.402289,15.172048,1.089667,0.400901,15.169493,1.089599,0.403677,15.174603,1.089735,
16.399334f,0.406510,15.179749,1.089880,0.405112,15.177221,1.089808,0.407950,15.182354,1.089954,
16.433334f,0.410759,15.187370,1.090104,0.409310,15.184793,1.090026,0.412165,15.189872,1.090181,
16.466331f,0.415034,15.194911,1.090341,0.413619,15.192436,1.090261,0.416449,15.197386,1.090421,
16.499332f,0.419336,15.202373,1.090590,0.417912,15.199924,1.090506,0.420802,15.204896,1.090676,
16.533333f,0.423661,15.209757,1.090850,0.422186,15.207259,1.090759,0.425092,15.212181,1.090937,
16.566334f,0.428009,15.217065,1.091122,0.426570,15.214665,1.091030,0.429447,15.219464,1.091213,
16.599335f,0.432378,15.224298,1.091405,0.430933,15.221923,1.091310,0.433867,15.226744,1.091503,
16.633331f,0.436767,15.231457,1.091700,0.435272,15.229035,1.091597,0.438219,15.233808,1.091799,
16.666332f,0.441176,15.238544,1.092006,0.439718,15.236217,1.091903,0.442633,15.240871,1.092109,
16.699333f,0.445602,15.245560,1.092323,0.444139,15.243257,1.092216,0.447109,15.247932,1.092433,
16.733334f,0.450044,15.252505,1.092651,0.448531,15.250155,1.092538,0.451512,15.254786,1.092762,
16.766335f,0.454501,15.259382,1.092991,0.453028,15.257125,1.092877,0.455974,15.261640,1.093104,
16.799332f,0.458972,15.266190,1.093341,0.457495,15.263954,1.093224,0.460494,15.268493,1.093462,
16.833332f,0.463456,15.272932,1.093702,0.461929,15.270651,1.093578,0.464937,15.275146,1.093823,
16.866333f,0.467950,15.279609,1.094074,0.466465,15.277416,1.093949,0.469435,15.281801,1.094198,
16.899334f,0.472454,15.286222,1.094456,0.470967,15.284050,1.094328,0.473987,15.288459,1.094588,
16.933334f,0.476967,15.292772,1.094849,0.475431,15.290556,1.094713,0.478457,15.294923,1.094980,
16.966331f,0.481487,15.299258,1.095252,0.479995,15.297128,1.095117,0.482980,15.301389,1.095387,
16.999332f,0.486013,15.305687,1.095665,0.484519,15.303576,1.095527,0.487552,15.307862,1.095807,
17.033333f,0.490543,15.312056,1.096089,0.489002,15.309900,1.095943,0.492039,15.314147,1.096230,
17.066334f,0.495077,15.318365,1.096522,0.493581,15.316292,1.096377,0.496573,15.320438,1.096667,
17.099335f,0.499613,15.324618,1.096965,0.498116,15.322564,1.096817,0.501155,15.326735,1.097118,
17.133331f,0.504150,15.330816,1.097419,0.502608,15.328719,1.097263,0.505647,15.332852,1.097570,
17.166332f,0.508686,15.336960,1.097881,0.507189,15.334942,1.097727,0.510182,15.338978,1.098036,
17.199333f,0.513220,15.343050,1.098354,0.511724,15.341049,1.098196,0.514761,15.345112,1.098516,
17.233334f,0.517751,15.349088,1.098836,0.516211,15.347044,1.098670,0.519245,15.351071,1.098996,
17.266335f,0.522278,15.355075,1.099327,0.520785,15.353107,1.099163,0.523770,15.357042,1.099491,
17.299332f,0.526798,15.361014,1.099828,0.525308,15.359063,1.099661,0.528334,15.363025,1.099999,
17.333332f,0.531312,15.366902,1.100337,0.529779,15.364908,1.100163,0.532800,15.368837,1.100507,
17.366333f,0.535818,15.372745,1.100856,0.534333,15.370824,1.100684,0.537303,15.374665,1.101029,
17.399334f,0.540314,15.378542,1.101384,0.538832,15.376637,1.101208,0.541840,15.380505,1.101565,
17.433331f,0.544799,15.384293,1.101920,0.543276,15.382345,1.101737,0.546277,15.386183,1.102099,
17.466331f,0.549271,15.390001,1.102466,0.547798,15.388124,1.102284,0.550745,15.391878,1.102647,
17.499332f,0.553730,15.395667,1.103020,0.552261,15.393805,1.102835,0.555244,15.397586,1.103209,
17.533333f,0.558175,15.401291,1.103582,0.556667,15.399385,1.103389,0.559639,15.403140,1.103769,
17.566334f,0.562603,15.406878,1.104153,0.561145,15.405041,1.103963,0.564061,15.408714,1.104343,
17.599331f,0.567014,15.412423,1.104732,0.565562,15.410600,1.104540,0.568510,15.414302,1.104930,
17.633331f,0.571406,15.417932,1.105319,0.569916,15.416065,1.105118,0.572852,15.419744,1.105515,
17.666332f,0.575778,15.423403,1.105915,0.574339,15.421603,1.105717,0.577217,15.425202,1.106112,
17.699333f,0.580129,15.428842,1.106518,0.578697,15.427052,1.106318,0.581604,15.430684,1.106725,
17.733334f,0.584458,15.434244,1.107129,0.582990,15.432413,1.106920,0.585882,15.436022,1.107332,
17.766331f,0.588762,15.439615,1.107748,0.587346,15.437848,1.107543,0.590178,15.441382,1.107954,
17.799332f,0.593041,15.444955,1.108375,0.591633,15.443198,1.108167,0.594491,15.446765,1.108589,
17.833332f,0.597294,15.450263,1.109009,0.595853,15.448462,1.108792,0.598693,15.452010,1.109220,
17.866333f,0.601519,15.455544,1.109651,0.600130,15.453807,1.109438,0.602908,15.457282,1.109864,
17.899334f,0.605715,15.460796,1.110300,0.604335,15.459067,1.110085,0.607136,15.462577,1.110522,
17.933331f,0.609880,15.466022,1.110956,0.608470,15.464250,1.110732,0.611250,15.467742,1.111174,
17.966331f,0.614014,15.471223,1.111619,0.612656,15.469511,1.111399,0.615373,15.472935,1.111839,
17.999332f,0.618115,15.476398,1.112290,0.616768,15.474694,1.112067,0.619504,15.478154,1.112519,
18.033333f,0.622182,15.481552,1.112967,0.620805,15.479804,1.112735,0.623518,15.483249,1.113191,
18.066334f,0.626213,15.486684,1.113651,0.624889,15.484994,1.113424,0.627537,15.488374,1.113878,
18.099331f,0.630207,15.491796,1.114341,0.628896,15.490112,1.114112,0.631559,15.493530,1.114577,
18.133331f,0.634164,15.496887,1.115039,0.632825,15.495159,1.114801,0.635463,15.498565,1.115270,
18.166332f,0.638080,15.501960,1.115742,0.636795,15.500288,1.115509,0.639366,15.503632,1.115976,
18.199333f,0.641956,15.507017,1.116453,0.640684,15.505351,1.116217,0.643267,15.508734,1.116695,
18.233334f,0.645790,15.512057,1.117169,0.644494,15.510346,1.116924,0.647048,15.513718,1.117406,
18.266331f,0.649581,15.517085,1.117891,0.648338,15.515429,1.117652,0.650825,15.518742,1.118131,
18.299332f,0.653327,15.522098,1.118620,0.652099,15.520445,1.118378,0.654593,15.523800,1.118868,
18.333332f,0.657027,15.527100,1.119354,0.655777,15.525401,1.119104,0.658241,15.528749,1.119598,
18.366333f,0.660680,15.532089,1.120095,0.659483,15.530444,1.119849,0.661878,15.533734,1.120340,
18.399334f,0.664285,15.537070,1.120841,0.663104,15.535428,1.120593,0.665502,15.538762,1.121095,
18.433331f,0.667839,15.542043,1.121592,0.666640,15.540354,1.121336,0.669004,15.543682,1.121841,
18.466331f,0.671343,15.547008,1.122349,0.670195,15.545370,1.122098,0.672490,15.548645,1.122600,
18.499332f,0.674794,15.551968,1.123112,0.673664,15.550332,1.122859,0.675958,15.553653,1.123372,
18.533333f,0.678191,15.556921,1.123879,0.677046,15.555238,1.123617,0.679303,15.558556,1.124133,
18.566334f,0.681534,15.561872,1.124652,0.680440,15.560239,1.124396,0.682628,15.563506,1.124908,
18.599331f,0.684820,15.566821,1.125430,0.683745,15.565188,1.125173,0.685928,15.568503,1.125696,
18.633331f,0.688049,15.571769,1.126213,0.686961,15.570087,1.125946,0.689105,15.573401,1.126472,
18.666332f,0.691219,15.576715,1.127001,0.690183,15.575082,1.126740,0.692255,15.578347,1.127262,
18.699333f,0.694328,15.581663,1.127793,0.693312,15.580029,1.127531,0.695375,15.583346,1.128064,
18.733334f,0.697376,15.586615,1.128591,0.696351,15.584930,1.128319,0.698372,15.588249,1.128855,
18.766331f,0.700362,15.591570,1.129392,0.699387,15.589934,1.129127,0.701336,15.593205,1.129658,
18.799332f,0.703283,15.596529,1.130198,0.702330,15.594892,1.129932,0.704265,15.598216,1.130473,
18.833332f,0.706139,15.601495,1.131009,0.705180,15.599805,1.130733,0.707071,15.603134,1.131277,
18.866333f,0.708929,15.606468,1.131824,0.708019,15.604826,1.131554,0.709838,15.608110,1.132093,
18.899334f,0.711650,15.611450,1.132642,0.710763,15.609805,1.132371,0.712563,15.613145,1.132921,
18.933331f,0.714302,15.616440,1.133465,0.713413,15.614741,1.133185,0.715166,15.618089,1.133737,
18.966331f,0.716884,15.621443,1.134292,0.716044,15.619790,1.134018,0.717724,15.623096,1.134565,
18.999332f,0.719394,15.626457,1.135122,0.718578,15.624801,1.134847,0.720235,15.628164,1.135405,
19.033333f,0.721830,15.631485,1.135956,0.721015,15.629773,1.135672,0.722622,15.633146,1.136232,
19.066334f,0.724193,15.636528,1.136794,0.723426,15.634862,1.136517,0.724960,15.638194,1.137071,
19.099331f,0.726479,15.641585,1.137635,0.725738,15.639914,1.137357,0.727243,15.643308,1.137921,
19.133331f,0.728689,15.646661,1.138479,0.727951,15.644933,1.138191,0.729405,15.648338,1.138758,
19.166332f,0.730820,15.651753,1.139327,0.730130,15.650069,1.139047,0.731510,15.653438,1.139607,
19.199333f,0.732872,15.656866,1.140177,0.732208,15.655175,1.139896,0.733556,15.658607,1.140467,
19.233334f,0.734843,15.662001,1.141031,0.734187,15.660252,1.140741,0.735479,15.663698,1.141313,
19.266331f,0.736731,15.667155,1.141888,0.736122,15.665451,1.141605,0.737341,15.668860,1.142171,
19.299332f,0.738536,15.672334,1.142748,0.737954,15.670621,1.142463,0.739135,15.674098,1.143040,
19.333332f,0.740257,15.677536,1.143610,0.739686,15.675763,1.143316,0.740810,15.679256,1.143895,
19.366333f,0.741891,15.682763,1.144475,0.741366,15.681034,1.144189,0.742416,15.684492,1.144760,
19.399334f,0.743438,15.688019,1.145342,0.742942,15.686280,1.145055,0.743948,15.689810,1.145637,
19.433331f,0.744896,15.693301,1.146211,0.744415,15.691501,1.145915,0.745362,15.695049,1.146499,
19.466331f,0.746264,15.698613,1.147083,0.745828,15.696856,1.146795,0.746701,15.700371,1.147371,
19.499332f,0.747541,15.703955,1.147957,0.747135,15.702187,1.147669,0.747959,15.705776,1.148255,
19.533333f,0.748725,15.709329,1.148834,0.748339,15.707497,1.148535,0.749101,15.711107,1.149123,
19.566334f,0.749816,15.714735,1.149711,0.749472,15.712946,1.149421,0.750160,15.716524,1.150002,
19.599331f,0.750811,15.720174,1.150591,0.750499,15.718373,1.150301,0.751133,15.722030,1.150891,
19.633331f,0.751710,15.725650,1.151473,0.751421,15.723783,1.151173,0.751991,15.727463,1.151764,
19.666332f,0.752512,15.731162,1.152356,0.752263,15.729337,1.152065,0.752760,15.732987,1.152648,
19.699333f,0.753214,15.736712,1.153241,0.752999,15.734874,1.152949,0.753435,15.738605,1.153542,
19.733334f,0.753816,15.742299,1.154127,0.753628,15.740393,1.153826,0.753997,15.744149,1.154420,
19.766331f,0.754316,15.747927,1.155015,0.754168,15.746063,1.154722,0.754464,15.749790,1.155308,
19.799332f,0.754713,15.753596,1.155903,0.754599,15.751719,1.155610,0.754830,15.755531,1.156206,
19.833332f,0.755006,15.759308,1.156793,0.754924,15.757359,1.156490,0.755085,15.761200,1.157087,
19.866333f,0.755194,15.765063,1.157684,0.755149,15.763157,1.157390,0.755238,15.766970,1.157978,
19.899334f,0.755274,15.770864,1.158575,0.755266,15.768942,1.158281,0.755283,15.772843,1.158879,
19.933331f,0.755247,15.776710,1.159468,0.755275,15.774714,1.159164,0.755220,15.778646,1.159762,
19.966331f,0.755110,15.782602,1.160361,0.755174,15.780650,1.160066,0.755047,15.784554,1.160655,
19.999332f,0.754863,15.788545,1.161254,0.754963,15.786575,1.160959,0.754760,15.790573,1.161558,
20.033333f,0.754503,15.794536,1.162148,0.754645,15.792490,1.161844,0.754366,15.796521,1.162443,
20.066334f,0.754031,15.800578,1.163043,0.754206,15.798575,1.162747,0.753856,15.802581,1.163338,
20.099331f,0.753443,15.806673,1.163937,0.753656,15.804653,1.163642,0.753224,15.808754,1.164241,
20.133331f,0.752740,15.812820,1.164832,0.752999,15.810721,1.164528,0.752489,15.814858,1.165127,
20.166332f,0.751920,15.819023,1.165726,0.752210,15.816967,1.165431,0.751629,15.821079,1.166021,
20.199333f,0.750981,15.825282,1.166621,0.751310,15.823208,1.166326,0.750641,15.827419,1.166925,
20.233334f,0.749922,15.831596,1.167515,0.750303,15.829439,1.167211,0.749553,15.833690,1.167810,
20.266331f,0.748743,15.837970,1.168409,0.749152,15.835857,1.168114,0.748333,15.840083,1.168704,
20.299332f,0.747441,15.844402,1.169303,0.747891,15.842270,1.169008,0.746977,15.846600,1.169606,
20.333332f,0.746015,15.850896,1.170196,0.746521,15.848678,1.169892,0.745524,15.853048,1.170490,
20.366333f,0.744464,15.857450,1.171088,0.744997,15.855277,1.170794,0.743932,15.859624,1.171382,
20.399334f,0.742787,15.864068,1.171980,0.743362,15.861874,1.171686,0.742196,15.866328,1.172283,
20.433331f,0.740983,15.870750,1.172871,0.741618,15.868467,1.172568,0.740366,15.872966,1.173164,
20.466331f,0.739050,15.877499,1.173760,0.739709,15.875261,1.173467,0.738390,15.879736,1.174054,
20.499332f,0.736986,15.884313,1.174649,0.737689,15.882053,1.174356,0.736262,15.886641,1.174951,
20.533333f,0.734791,15.891194,1.175537,0.735560,15.888843,1.175235,0.734045,15.893476,1.175829,
20.566334f,0.732464,15.898146,1.176423,0.733254,15.895841,1.176131,0.731674,15.900451,1.176715,
20.599331f,0.730002,15.905167,1.177308,0.730837,15.902838,1.177016,0.729142,15.907566,1.177608,
20.633331f,0.727405,15.912260,1.178191,0.728311,15.909837,1.177891,0.726526,15.914613,1.178482,
20.666332f,0.724672,15.919425,1.179073,0.725596,15.917048,1.178782,0.723747,15.921802,1.179363,
20.699333f,0.721800,15.926664,1.179953,0.722771,15.924263,1.179663,0.720800,15.929138,1.180252,
20.733334f,0.718790,15.933979,1.180831,0.719837,15.931479,1.180533,0.717773,15.936405,1.181121,
20.766331f,0.715638,15.941369,1.181707,0.716702,15.938918,1.181419,0.714575,15.943821,1.181996,
20.799332f,0.712345,15.948837,1.182582,0.713456,15.946360,1.182294,0.711202,15.951389,1.182878,
20.833332f,0.708910,15.956386,1.183454,0.710102,15.953806,1.183158,0.707752,15.958889,1.183741,
20.866333f,0.705329,15.964012,1.184324,0.706535,15.961482,1.184037,0.704124,15.966542,1.184610,
20.899334f,0.701603,15.971720,1.185191,0.702857,15.969163,1.184905,0.700311,15.974354,1.185485,
20.933331f,0.697730,15.979510,1.186056,0.699072,15.976848,1.185763,0.696427,15.982095,1.186341,
20.966331f,0.693709,15.987385,1.186918,0.695060,15.984773,1.186634,0.692357,15.989997,1.187203,
20.999332f,0.689538,15.995344,1.187778,0.690939,15.992703,1.187495,0.688094,15.998064,1.188070,
21.033333f,0.685216,16.003387,1.188635,0.686711,16.000637,1.188344,0.683765,16.006056,1.188918,
21.066334f,0.680742,16.011520,1.189489,0.682243,16.008821,1.189208,0.679240,16.014217,1.189771,
21.099331f,0.676114,16.019741,1.190340,0.677667,16.017014,1.190060,0.674515,16.022551,1.190629,
21.133331f,0.671332,16.028051,1.191188,0.672985,16.025211,1.190900,0.669729,16.030809,1.191468,
21.166332f,0.666394,16.036451,1.192033,0.668050,16.033665,1.191755,0.664739,16.039238,1.192311,
21.199333f,0.661298,16.044945,1.192874,0.663018,16.042122,1.192596,0.659526,16.047853,1.193160,
21.233334f,0.655969,16.053564,1.193717,0.657896,16.050581,1.193426,0.654099,16.056459,1.193999,
21.266331f,0.649964,16.062498,1.194587,0.652065,16.059494,1.194294,0.647863,16.065502,1.194879,
21.299332f,0.643235,16.071768,1.195488,0.645571,16.068657,1.195186,0.640829,16.074974,1.195799,
21.333332f,0.635810,16.081356,1.196418,0.638448,16.078045,1.196097,0.633249,16.084570,1.196730,
21.366333f,0.627715,16.091248,1.197377,0.630492,16.087936,1.197056,0.624938,16.094559,1.197698,
21.399334f,0.618978,16.101425,1.198363,0.621962,16.098022,1.198033,0.615903,16.104931,1.198702,
21.433331f,0.609627,16.111876,1.199374,0.612905,16.108280,1.199026,0.606444,16.115366,1.199711,
21.466331f,0.599688,16.122581,1.200409,0.603060,16.119009,1.200063,0.596317,16.126154,1.200754,
21.499332f,0.589191,16.133528,1.201467,0.592743,16.129879,1.201115,0.585532,16.137287,1.201831,
21.533333f,0.578161,16.144701,1.202547,0.581997,16.140867,1.202176,0.574439,16.148422,1.202906,
21.566334f,0.566627,16.156080,1.203647,0.570512,16.152292,1.203281,0.562743,16.159866,1.204013,
21.599331f,0.554616,16.167656,1.204765,0.558653,16.163807,1.204394,0.550456,16.171621,1.205149,
21.633331f,0.542156,16.179407,1.205902,0.546464,16.175385,1.205513,0.537974,16.183311,1.206279,
21.666332f,0.529273,16.191322,1.207054,0.533589,16.187366,1.206671,0.524957,16.195278,1.207437,
21.699333f,0.515996,16.203386,1.208221,0.520437,16.199385,1.207834,0.511419,16.207510,1.208620,
21.733334f,0.502351,16.215578,1.209402,0.507048,16.211412,1.208998,0.497793,16.219620,1.209793,
21.766331f,0.488367,16.227888,1.210595,0.493032,16.223810,1.210199,0.483701,16.231966,1.210990,
21.799332f,0.474070,16.240297,1.211798,0.478835,16.236189,1.211399,0.469162,16.244530,1.212209,
21.833332f,0.459489,16.252790,1.213011,0.464490,16.248531,1.212597,0.454636,16.256924,1.213413,
21.866333f,0.444651,16.265354,1.214232,0.449585,16.261200,1.213828,0.439717,16.269508,1.214636,
21.899334f,0.429583,16.277967,1.215460,0.434588,16.273798,1.215054,0.424426,16.282263,1.215878,
21.933331f,0.414312,16.290623,1.216693,0.419533,16.286318,1.216273,0.409244,16.294802,1.217101,
21.966331f,0.398867,16.303297,1.217931,0.403988,16.299114,1.217522,0.393746,16.307480,1.218339,
21.999332f,0.383274,16.315979,1.219171,0.388439,16.311796,1.218761,0.377952,16.320290,1.219593,
22.033333f,0.367561,16.328651,1.220412,0.372919,16.324347,1.219990,0.362361,16.332829,1.220822,
22.066334f,0.351756,16.341299,1.221654,0.356982,16.337132,1.221245,0.346530,16.345465,1.222064,
22.099331f,0.335885,16.353907,1.222894,0.341128,16.349756,1.222486,0.330484,16.358183,1.223316,
22.133331f,0.319977,16.366459,1.224132,0.325387,16.362204,1.223712,0.314727,16.370588,1.224540,
22.166332f,0.304060,16.378937,1.225366,0.309309,16.374834,1.224960,0.298810,16.383039,1.225772,
22.199333f,0.288159,16.391331,1.226595,0.293398,16.387259,1.226190,0.282761,16.395527,1.227011,
22.233334f,0.272303,16.403620,1.227816,0.277682,16.399462,1.227402,0.267084,16.407656,1.228218,
22.266331f,0.256520,16.415791,1.229030,0.261711,16.411797,1.228631,0.251328,16.419785,1.229429,
22.299332f,0.240837,16.427828,1.230235,0.245991,16.423880,1.229839,0.235526,16.431894,1.230643,
22.333332f,0.225280,16.439714,1.231429,0.230543,16.435701,1.231025,0.220173,16.443609,1.231821,
22.366333f,0.209879,16.451437,1.232611,0.214931,16.447599,1.232223,0.204827,16.455275,1.232999,
22.399334f,0.194660,16.462978,1.233780,0.199647,16.459202,1.233396,0.189522,16.466867,1.234174,
22.433331f,0.179650,16.474323,1.234933,0.184712,16.470503,1.234544,0.174736,16.478031,1.235312,
22.466331f,0.164878,16.485456,1.236071,0.169708,16.481821,1.235699,0.160047,16.489092,1.236444,
22.499332f,0.150370,16.496363,1.237192,0.155109,16.492804,1.236825,0.145487,16.500029,1.237570,
22.533333f,0.136154,16.507023,1.238294,0.140932,16.503443,1.237923,0.131516,16.510498,1.238654,
22.566334f,0.122258,16.517426,1.239376,0.126786,16.514038,1.239022,0.117730,16.520813,1.239729,
22.599331f,0.108708,16.527555,1.240436,0.113117,16.524261,1.240090,0.104166,16.530949,1.240793,
22.633331f,0.095534,16.537392,1.241474,0.099944,16.534100,1.241126,0.091253,16.540588,1.241813,
22.666332f,0.082761,16.546925,1.242488,0.086905,16.543833,1.242158,0.078617,16.550016,1.242818,
22.699333f,0.070417,16.556135,1.243477,0.074415,16.553152,1.243155,0.066299,16.559210,1.243808,
22.733334f,0.058531,16.565010,1.244438,0.062490,16.562054,1.244116,0.054689,16.567881,1.244751,
22.766331f,0.047129,16.573532,1.245372,0.050806,16.570782,1.245069,0.043451,16.576283,1.245675,
22.799332f,0.036239,16.581686,1.246276,0.039743,16.579060,1.245983,0.032628,16.584393,1.246578,
22.833332f,0.025887,16.589455,1.247149,0.029310,16.586882,1.246858,0.022565,16.591953,1.247432,
22.866333f,0.016103,16.596827,1.247991,0.019234,16.594463,1.247718,0.012973,16.599190,1.248263,
22.899334f,0.006913,16.603781,1.248798,0.009843,16.601557,1.248538,0.003895,16.606071,1.249067,
22.933331f,-0.001655,16.610306,1.249572,0.001147,16.608164,1.249315,-0.004375,16.612385,1.249821,
22.966331f,-0.009574,16.616385,1.250309,-0.007073,16.614454,1.250072,-0.012076,16.618315,1.250546,
22.999332f,-0.016817,16.622002,1.251008,-0.014529,16.620218,1.250783,-0.019174,16.623840,1.251240,
23.033333f,-0.023443,16.627199,1.251674,-0.021208,16.625444,1.251449,-0.025613,16.628902,1.251892,
23.066334f,-0.029966,16.632324,1.252334,-0.027817,16.630636,1.252116,-0.032116,16.634012,1.252551,
23.099331f,-0.036472,16.637434,1.252992,-0.034329,16.635750,1.252775,-0.038682,16.639168,1.253216,
23.133331f,-0.042962,16.642529,1.253649,-0.040759,16.640799,1.253426,-0.045101,16.644207,1.253866,
23.166332f,-0.049435,16.647608,1.254306,-0.047302,16.645935,1.254089,-0.051568,16.649281,1.254522,
23.199333f,-0.055891,16.652672,1.254961,-0.053763,16.651003,1.254745,-0.058083,16.654390,1.255183,
23.233334f,-0.062331,16.657721,1.255615,-0.060144,16.656008,1.255393,-0.064453,16.659384,1.255830,
23.266331f,-0.068754,16.662754,1.256268,-0.066637,16.661097,1.256053,-0.070870,16.664412,1.256483,
23.299332f,-0.075160,16.667772,1.256920,-0.073049,16.666119,1.256705,-0.077335,16.669476,1.257141,
23.333332f,-0.081550,16.672773,1.257570,-0.079380,16.671076,1.257349,-0.083656,16.674421,1.257784,
23.366333f,-0.087923,16.677763,1.258219,-0.085823,16.676119,1.258005,-0.090024,16.679407,1.258434,
23.399334f,-0.094280,16.682737,1.258868,-0.092185,16.681099,1.258654,-0.096438,16.684425,1.259088,
23.433331f,-0.100620,16.687695,1.259515,-0.098468,16.686012,1.259295,-0.102710,16.689327,1.259728,
23.466331f,-0.106944,16.692636,1.260161,-0.104860,16.691008,1.259948,-0.109028,16.694265,1.260374,
23.499332f,-0.113251,16.697565,1.260806,-0.111173,16.695942,1.260593,-0.115393,16.699238,1.261025,
23.533333f,-0.119542,16.702477,1.261450,-0.117406,16.700809,1.261231,-0.121615,16.704096,1.261662,
23.566334f,-0.125816,16.707375,1.262092,-0.123749,16.705761,1.261880,-0.127884,16.708988,1.262304,
23.599331f,-0.132074,16.712257,1.262734,-0.130012,16.710649,1.262522,-0.134199,16.713915,1.262952,
23.633331f,-0.138316,16.717123,1.263374,-0.136197,16.715471,1.263157,-0.140373,16.718727,1.263585,
23.666332f,-0.144541,16.721977,1.264013,-0.142490,16.720379,1.263803,-0.146592,16.723576,1.264224,
23.699333f,-0.150750,16.726814,1.264652,-0.148704,16.725220,1.264441,-0.152858,16.728456,1.264868,
23.733334f,-0.156942,16.731636,1.265288,-0.154840,16.730000,1.265072,-0.158983,16.733225,1.265499,
23.766331f,-0.163118,16.736444,1.265924,-0.161083,16.734861,1.265715,-0.165153,16.738028,1.266134,
23.799332f,-0.169278,16.741238,1.266559,-0.167248,16.739658,1.266350,-0.171369,16.742865,1.266775,
23.833332f,-0.175421,16.746016,1.267193,-0.173335,16.744394,1.266978,-0.177446,16.747589,1.267402,
23.866333f,-0.181548,16.750778,1.267825,-0.179529,16.749208,1.267617,-0.183568,16.752348,1.268034,
23.899334f,-0.187659,16.755526,1.268457,-0.185646,16.753962,1.268249,-0.189734,16.757137,1.268671,
23.933331f,-0.193754,16.760258,1.269087,-0.191685,16.758652,1.268873,-0.195762,16.761818,1.269295,
23.966331f,-0.199832,16.764978,1.269716,-0.197829,16.763424,1.269509,-0.201835,16.766533,1.269924,
23.999332f,-0.205894,16.769682,1.270344,-0.203897,16.768133,1.270137,-0.207953,16.771278,1.270558,
24.033333f,-0.211940,16.774370,1.270971,-0.209888,16.772779,1.270758,-0.213933,16.775915,1.271178,
24.066334f,-0.217970,16.779043,1.271597,-0.215983,16.777504,1.271391,-0.219957,16.780582,1.271803,
24.099331f,-0.223984,16.783703,1.272222,-0.222002,16.782167,1.272016,-0.225185,16.784634,1.272347,
24.119331f,-2.410170,16.535194,1.455785,-2.410170,16.535194,1.455785,-2.410170,16.535194,1.455785,
30.332333f,-2.410170,16.535194,1.455785,-2.410170,16.535194,1.455785,-2.410170,16.535194,1.455785,
30.333332f,1.205045,16.247559,1.329340,1.205045,16.247559,1.329340,1.205045,16.247559,1.329340,
32.532333f,1.205045,16.247559,1.329340,1.205045,16.247559,1.329340,1.205045,16.247559,1.329340,
32.533333f,-0.949544,12.643134,1.292046,-0.949544,12.643134,1.292046,-0.949544,12.643134,1.292046,
36.666332f,-0.949544,12.643134,1.292046,-0.949544,12.643134,1.292046,-0.949544,12.643134,1.292046,
36.686333f,-3.026007,15.386424,1.475552,-3.026007,15.386424,1.475552,-3.026007,15.386424,1.475552,
39.032333f,-3.026007,15.386424,1.475552,-3.026007,15.386424,1.475552,-3.026007,15.386424,1.475552,
39.033333f,-1.719282,14.777159,1.654240,-1.719282,14.777159,1.654240,-1.719282,14.777159,1.654240,
43.016331f,-1.719282,14.777159,1.654240,-1.719282,14.777159,1.654240,-1.719282,14.777159,1.654240,
43.036331f,0.548076,14.430163,1.534881,0.548076,14.430163,1.534881,0.548076,14.430163,1.534881,
44.099331f,0.548076,14.430163,1.534881,0.548076,14.430163,1.534881,0.548076,14.430163,1.534881,
44.119331f,-1.608651,15.699258,1.444831,-1.608651,15.699258,1.444831,-1.608651,15.699258,1.444831,
46.982330f,-1.608651,15.699258,1.444831,-1.608651,15.699258,1.444831,-1.608651,15.699258,1.444831,
46.983334f,-0.316241,14.933033,1.177285,-0.316241,14.933033,1.177285,-0.316241,14.933033,1.177285,
48.599331f,-0.316241,14.933033,1.177285,-0.316241,14.933033,1.177285,-0.316241,14.933033,1.177285,
48.619331f,-0.722785,14.836628,1.495097,-0.722785,14.836628,1.495097,-0.722785,14.836628,1.495097,
49.149334f,-0.722785,14.836628,1.495097,-0.722785,14.836628,1.495097,-0.722785,14.836628,1.495097,
49.169334f,-2.817011,15.418449,1.482131,-2.817011,15.418449,1.482131,-2.817011,15.418449,1.482131,
52.066334f,-2.817011,15.418449,1.482131,-2.817011,15.418449,1.482131,-2.817011,15.418449,1.482131,
52.086334f,-0.906191,15.191140,0.731270,-0.906191,15.191140,0.731270,-0.906191,15.191140,0.731270,
57.432331f,-0.906191,15.191140,0.731270,-0.906191,15.191140,0.731270,-0.906191,15.191140,0.731270,
57.433331f,-4.159071,11.405360,0.820805,-4.159071,11.405360,0.820805,-4.159071,11.405360,0.820805,
62.366329f,-4.158096,11.324650,0.775096,-4.158096,11.324650,0.775096,-4.158096,11.324650,0.775096,
62.386330f,0.156779,15.537346,1.138151,0.156779,15.537346,1.138151,0.156779,15.537346,1.138151,
63.766331f,0.156779,15.537346,1.138151,0.156779,15.537346,1.138151,0.156779,15.537346,1.138151,
63.766666f,0.156779,15.537346,1.138151,0.156779,15.537346,1.138151,0.156779,15.537346,1.138151,
;
481,
0.000000f,-2.234225,6.906070,1.130678,-2.234225,6.906070,1.130678,-2.234225,6.906070,1.130678,
1.266333f,-2.234225,6.906070,1.130678,-2.234225,6.906070,1.130678,-2.234225,6.906070,1.130678,
1.286333f,-2.470184,7.288732,1.437180,-2.470184,7.288732,1.437180,-2.468887,7.288870,1.437363,
1.333333f,-2.464615,7.289324,1.437966,-2.465935,7.289184,1.437780,-2.461806,7.289623,1.438363,
1.433333f,-2.456080,7.290232,1.439172,-2.458961,7.289926,1.438765,-2.453199,7.290538,1.439578,
1.533334f,-2.447327,7.291162,1.440407,-2.450288,7.290848,1.439990,-2.444367,7.291477,1.440825,
1.633332f,-2.438316,7.292121,1.441679,-2.441637,7.291766,1.441219,-2.434995,7.292476,1.442138,
1.733333f,-2.427402,7.293290,1.443163,-2.431460,7.292854,1.442620,-2.423343,7.293726,1.443706,
1.833333f,-2.413960,7.294739,1.444936,-2.418802,7.294216,1.444302,-2.409119,7.295261,1.445569,
1.933333f,-2.398349,7.296426,1.446966,-2.403855,7.295831,1.446251,-2.392843,7.297021,1.447681,
2.033334f,-2.380923,7.298310,1.449226,-2.386974,7.297656,1.448439,-2.374871,7.298965,1.450012,
2.133332f,-2.362037,7.300352,1.451684,-2.368516,7.299652,1.450837,-2.355559,7.301051,1.452532,
2.233333f,-2.342049,7.302507,1.454312,-2.348836,7.301776,1.453413,-2.335262,7.303238,1.455211,
2.333333f,-2.321313,7.304738,1.457080,-2.328290,7.303989,1.456139,-2.314337,7.305486,1.458021,
2.433333f,-2.300186,7.307000,1.459959,-2.307234,7.306247,1.458986,-2.293138,7.307753,1.460932,
2.533334f,-2.279022,7.309255,1.462918,-2.286023,7.308511,1.461923,-2.272022,7.309998,1.463913,
2.633332f,-2.258179,7.311460,1.465928,-2.265013,7.310740,1.464921,-2.251345,7.312180,1.466935,
2.733333f,-2.238012,7.313575,1.468961,-2.244562,7.312892,1.467951,-2.231462,7.314259,1.469970,
2.833333f,-2.218876,7.315559,1.471985,-2.225023,7.314927,1.470983,-2.212729,7.316191,1.472987,
2.933333f,-2.201128,7.317370,1.474972,-2.206837,7.317173,1.473977,-2.195418,7.317567,1.475966,
3.033334f,-2.184618,7.316741,1.477953,-2.190149,7.318442,1.476931,-2.179086,7.315040,1.478975,
3.133332f,-2.167934,7.307160,1.481103,-2.173530,7.311674,1.480027,-2.162338,7.302647,1.482179,
3.233333f,-2.151036,7.289656,1.484412,-2.156691,7.296542,1.483287,-2.145382,7.282771,1.485537,
3.333333f,-2.134005,7.265843,1.487855,-2.139690,7.274562,1.486689,-2.128319,7.257123,1.489021,
3.433333f,-2.116920,7.237335,1.491408,-2.122610,7.247350,1.490209,-2.111230,7.227320,1.492606,
3.533334f,-2.099863,7.205748,1.495046,-2.105530,7.216520,1.493823,-2.094195,7.194976,1.496269,
3.633332f,-2.082912,7.172697,1.498744,-2.088530,7.183688,1.497506,-2.077294,7.161705,1.499983,
3.733333f,-2.066150,7.139795,1.502479,-2.071692,7.150467,1.501232,-2.060608,7.129123,1.503725,
3.833333f,-2.049656,7.108659,1.506224,-2.055095,7.118473,1.504978,-2.044217,7.098845,1.507470,
3.933333f,-2.033511,7.080903,1.509956,-2.038821,7.089321,1.508719,-2.028201,7.072484,1.511194,
4.033334f,-2.017794,7.058142,1.513650,-2.022948,7.064627,1.512429,-2.012641,7.051657,1.514871,
4.133332f,-2.002588,7.041990,1.517281,-2.007558,7.046003,1.516086,-1.997618,7.037978,1.518477,
4.233333f,-1.987971,7.034063,1.520825,-1.992731,7.035066,1.519663,-1.983211,7.033061,1.521988,
4.333333f,-1.974024,7.035976,1.524257,-1.978548,7.033430,1.523136,-1.969501,7.038522,1.525378,
4.433333f,-1.960829,7.049343,1.527552,-1.965088,7.042710,1.526481,-1.956569,7.055976,1.528624,
4.533334f,-1.948464,7.075778,1.530686,-1.952433,7.064520,1.529673,-1.944495,7.087037,1.531700,
4.633332f,-1.937011,7.116899,1.533634,-1.940663,7.100477,1.532687,-1.933359,7.133320,1.534582,
4.733333f,-1.926550,7.174318,1.536372,-1.929858,7.152195,1.535499,-1.923242,7.196442,1.537245,
4.833333f,-1.917161,7.249651,1.538874,-1.920098,7.221288,1.538083,-1.914224,7.278014,1.539665,
4.933333f,-1.908925,7.344512,1.541117,-1.911428,7.307966,1.540413,-1.906421,7.381057,1.541820,
5.033334f,-1.902138,7.468945,1.543097,-1.904136,7.421626,1.542476,-1.900140,7.516262,1.543718,
5.133332f,-1.896933,7.628448,1.544842,-1.898432,7.570309,1.544297,-1.895435,7.686589,1.545388,
5.233333f,-1.893147,7.817820,1.546371,-1.894200,7.750592,1.545894,-1.892093,7.885048,1.546848,
5.333333f,-1.890613,8.031858,1.547703,-1.891276,7.957275,1.547289,-1.889949,8.106441,1.548117,
5.433333f,-1.889167,8.265361,1.548856,-1.889495,8.185158,1.548499,-1.888839,8.345564,1.549214,
5.533334f,-1.888644,8.513124,1.549851,-1.888692,8.429034,1.549543,-1.888596,8.597213,1.550159,
5.633332f,-1.888880,8.769949,1.550705,-1.888703,8.683708,1.550441,-1.889058,8.856192,1.550970,
5.733333f,-1.889710,9.030631,1.551438,-1.889362,8.943970,1.551211,-1.890058,9.117292,1.551666,
5.833333f,-1.890968,9.289969,1.552069,-1.890505,9.204622,1.551873,-1.891432,9.375317,1.552266,
5.933333f,-1.892491,9.542762,1.552617,-1.891967,9.460464,1.552445,-1.893016,9.625060,1.552789,
6.033334f,-1.894114,9.783806,1.553101,-1.893584,9.706290,1.552947,-1.894464,9.834966,1.553203,
6.099334f,-1.895171,9.935470,1.553397,-1.894831,9.886796,1.553302,-1.895274,9.950219,1.553426,
6.119334f,-2.603571,8.829533,1.500061,-2.603571,8.829533,1.500061,-2.603024,8.830750,1.500059,
6.133332f,-2.599653,8.838261,1.500048,-2.600203,8.837035,1.500050,-2.595723,8.847016,1.500035,
6.233333f,-2.587748,8.864786,1.500008,-2.591984,8.855422,1.500020,-2.583513,8.874150,1.499997,
6.333333f,-2.574237,8.894450,1.499982,-2.579210,8.883652,1.499987,-2.569265,8.905249,1.499977,
6.433333f,-2.557912,8.929581,1.499978,-2.563781,8.917036,1.499976,-2.552044,8.942125,1.499981,
6.533334f,-2.539025,8.969724,1.499995,-2.545705,8.955584,1.499987,-2.532345,8.983864,1.500003,
6.633332f,-2.517827,9.014430,1.500028,-2.525235,8.998845,1.500015,-2.510418,9.030016,1.500042,
6.733333f,-2.494569,9.063247,1.500075,-2.502622,9.046367,1.500058,-2.486516,9.080127,1.500092,
6.833333f,-2.469504,9.115722,1.500130,-2.478118,9.097697,1.500111,-2.460891,9.133746,1.500149,
6.933333f,-2.442883,9.171404,1.500190,-2.451973,9.152386,1.500170,-2.433792,9.190422,1.500211,
7.033334f,-2.414957,9.229842,1.500253,-2.424440,9.209981,1.500233,-2.405473,9.249703,1.500274,
7.133332f,-2.385978,9.290585,1.500314,-2.395770,9.270031,1.500295,-2.376185,9.311138,1.500334,
7.233333f,-2.356197,9.353179,1.500370,-2.366215,9.332083,1.500353,-2.346179,9.374275,1.500386,
7.333333f,-2.325866,9.417173,1.500416,-2.336025,9.395685,1.500403,-2.315707,9.438662,1.500429,
7.433333f,-2.295237,9.482118,1.500450,-2.305454,9.460389,1.500441,-2.285021,9.503846,1.500458,
7.533334f,-2.264562,9.547559,1.500467,-2.274752,9.525740,1.500465,-2.254372,9.569378,1.500470,
7.633332f,-2.234091,9.613046,1.500465,-2.244170,9.591287,1.500469,-2.224011,9.634805,1.500460,
7.733333f,-2.204076,9.678126,1.500438,-2.213962,9.656578,1.500452,-2.194190,9.699675,1.500425,
7.833333f,-2.174769,9.742351,1.500385,-2.184377,9.721163,1.500408,-2.165161,9.763538,1.500362,
7.933333f,-2.146422,9.805264,1.500301,-2.155668,9.784589,1.500334,-2.137176,9.825940,1.500267,
8.033334f,-2.119286,9.866417,1.500182,-2.128087,9.846403,1.500228,-2.110485,9.886430,1.500136,
8.133332f,-2.093612,9.925358,1.500025,-2.101884,9.906157,1.500084,-2.085341,9.944559,1.499965,
8.233333f,-2.069653,9.981634,1.499826,-2.077311,9.963396,1.499900,-2.061995,9.999872,1.499752,
8.333333f,-2.047659,10.034794,1.499581,-2.054620,10.017670,1.499671,-2.040698,10.051918,1.499492,
8.433333f,-2.027883,10.084387,1.499288,-2.034063,10.068527,1.499395,-2.021703,10.100246,1.499181,
8.533334f,-2.010575,10.129961,1.498942,-2.015891,10.115517,1.499067,-2.008821,10.134727,1.498901,
8.566333f,-2.005401,10.144176,1.498814,-2.007060,10.139565,1.498857,-2.004396,10.146970,1.498788,
8.586333f,-1.966267,11.293983,1.389642,-1.966267,11.293983,1.389642,-1.966267,11.293983,1.389642,
11.699332f,-1.966267,11.293983,1.389642,-1.966267,11.293983,1.389642,-1.966267,11.293983,1.389642,
11.719333f,-3.030151,9.273604,1.568820,-3.030151,9.273604,1.568820,-3.029589,9.275583,1.568729,
11.733333f,-3.026088,9.287919,1.568158,-3.026669,9.285872,1.568254,-3.024719,9.292746,1.567932,
11.766334f,-3.021852,9.302858,1.567453,-3.023278,9.297827,1.567693,-3.020426,9.307889,1.567213,
11.799333f,-3.017444,9.318414,1.566705,-3.018926,9.313182,1.566959,-3.015918,9.323805,1.566444,
11.833333f,-3.012870,9.334574,1.565915,-3.014453,9.328979,1.566191,-3.011333,9.340004,1.565648,
11.866334f,-3.008129,9.351329,1.565085,-3.009720,9.345703,1.565366,-3.006538,9.356954,1.564805,
11.899333f,-3.003227,9.368669,1.564215,-3.004871,9.362852,1.564508,-3.001534,9.374661,1.563912,
11.933333f,-2.998166,9.386582,1.563305,-2.999913,9.380396,1.563620,-2.996470,9.392587,1.562998,
11.966332f,-2.992949,9.405061,1.562356,-2.994695,9.398872,1.562675,-2.991202,9.411249,1.562037,
11.999333f,-2.987578,9.424093,1.561370,-2.989375,9.417724,1.561701,-2.985727,9.430656,1.561028,
12.033334f,-2.982057,9.443669,1.560347,-2.983959,9.436923,1.560701,-2.980211,9.450216,1.560003,
12.066333f,-2.976388,9.463779,1.559287,-2.978282,9.457058,1.559643,-2.974494,9.470502,1.558932,
12.099334f,-2.970575,9.484412,1.558193,-2.972516,9.477519,1.558560,-2.968574,9.491514,1.557815,
12.133332f,-2.964619,9.505559,1.557063,-2.966667,9.498284,1.557453,-2.962631,9.512620,1.556685,
12.166333f,-2.958525,9.527208,1.555900,-2.960559,9.519983,1.556289,-2.956492,9.534433,1.555511,
12.199332f,-2.952295,9.549351,1.554704,-2.954373,9.541965,1.555104,-2.950155,9.556961,1.554292,
12.233333f,-2.945932,9.571976,1.553476,-2.948117,9.564203,1.553899,-2.943811,9.579519,1.553066,
12.266334f,-2.939439,9.595074,1.552217,-2.941602,9.587376,1.552638,-2.937275,9.602771,1.551797,
12.299333f,-2.932818,9.618634,1.550927,-2.935023,9.610785,1.551358,-2.930546,9.626720,1.550484,
12.333333f,-2.926074,9.642646,1.549608,-2.928387,9.634407,1.550061,-2.923828,9.650642,1.549168,
12.366334f,-2.919207,9.667099,1.548259,-2.921492,9.658958,1.548709,-2.916922,9.675239,1.547810,
12.399333f,-2.912222,9.691985,1.546883,-2.914546,9.683704,1.547342,-2.909828,9.700517,1.546410,
12.433333f,-2.905122,9.717292,1.545479,-2.907555,9.708618,1.545961,-2.902760,9.725710,1.545012,
12.466332f,-2.897908,9.743011,1.544049,-2.900306,9.734459,1.544525,-2.895510,9.751564,1.543573,
12.499333f,-2.890585,9.769131,1.542593,-2.893019,9.760448,1.543077,-2.888077,9.778077,1.542094,
12.533334f,-2.883155,9.795641,1.541112,-2.885699,9.786563,1.541620,-2.880686,9.804451,1.540619,
12.566333f,-2.875620,9.822533,1.539607,-2.878123,9.813599,1.540107,-2.873117,9.831468,1.539107,
12.599334f,-2.867985,9.849794,1.538079,-2.870521,9.840739,1.538587,-2.865372,9.859123,1.537556,
12.633332f,-2.860251,9.877417,1.536529,-2.862896,9.867967,1.537059,-2.857683,9.886589,1.536013,
12.666333f,-2.852422,9.905389,1.534956,-2.855021,9.896103,1.535479,-2.849823,9.914675,1.534434,
12.699332f,-2.844500,9.933702,1.533363,-2.847129,9.924305,1.533892,-2.841792,9.943383,1.532818,
12.733333f,-2.836489,9.962343,1.531750,-2.839227,9.952552,1.532302,-2.833831,9.971848,1.531215,
12.766334f,-2.828391,9.991305,1.530118,-2.831077,9.981698,1.530660,-2.825705,10.000913,1.529576,
12.799333f,-2.820209,10.020576,1.528467,-2.822922,10.010868,1.529015,-2.817414,10.030578,1.527903,
12.833333f,-2.811947,10.050146,1.526799,-2.814769,10.040044,1.527369,-2.809207,10.059952,1.526246,
12.866334f,-2.803606,10.080006,1.525114,-2.806371,10.070107,1.525672,-2.800842,10.089904,1.524555,
12.899333f,-2.795190,10.110144,1.523413,-2.797979,10.100155,1.523976,-2.792317,10.120436,1.522832,
12.933333f,-2.786702,10.140551,1.521696,-2.789600,10.130170,1.522282,-2.783890,10.150626,1.521127,
12.966332f,-2.778145,10.171215,1.519966,-2.780980,10.161056,1.520539,-2.775311,10.181375,1.519392,
12.999333f,-2.769521,10.202128,1.518221,-2.772377,10.191889,1.518799,-2.766579,10.212678,1.517626,
13.033334f,-2.760834,10.233279,1.516464,-2.763798,10.222651,1.517063,-2.757958,10.243595,1.515882,
13.066333f,-2.752086,10.264658,1.514695,-2.754982,10.254269,1.515280,-2.749190,10.275048,1.514109,
13.099334f,-2.743281,10.296255,1.512915,-2.746196,10.285794,1.513504,-2.740278,10.307032,1.512308,
13.133332f,-2.734420,10.328059,1.511124,-2.737441,10.317214,1.511734,-2.731488,10.338587,1.510531,
13.166333f,-2.725508,10.360061,1.509324,-2.728457,10.349470,1.509919,-2.722560,10.370650,1.508728,
13.199332f,-2.716547,10.392248,1.507515,-2.719511,10.381598,1.508113,-2.713492,10.403221,1.506898,
13.233333f,-2.707540,10.424614,1.505698,-2.710609,10.413583,1.506317,-2.704560,10.435321,1.505097,
13.266334f,-2.698489,10.457146,1.503874,-2.701482,10.446385,1.504477,-2.695496,10.467906,1.503271,
13.299333f,-2.689398,10.489834,1.502043,-2.692404,10.479024,1.502648,-2.686301,10.500972,1.501420,
13.333333f,-2.680270,10.522668,1.500208,-2.683379,10.511482,1.500833,-2.677252,10.533525,1.499601,
13.366334f,-2.671107,10.555639,1.498367,-2.674136,10.544739,1.498975,-2.668078,10.566539,1.497759,
13.399333f,-2.661912,10.588736,1.496522,-2.664951,10.577796,1.497131,-2.658782,10.600007,1.495895,
13.433333f,-2.652689,10.621946,1.494674,-2.655829,10.610638,1.495303,-2.649641,10.632922,1.494064,
13.466332f,-2.643440,10.655265,1.492824,-2.646495,10.644256,1.493435,-2.640384,10.666275,1.492214,
13.499333f,-2.634168,10.688678,1.490973,-2.637231,10.677638,1.491584,-2.631012,10.700051,1.490343,
13.533334f,-2.624876,10.722177,1.489121,-2.628038,10.710775,1.489750,-2.621807,10.733242,1.488509,
13.566333f,-2.615566,10.755748,1.487268,-2.618640,10.744659,1.487879,-2.612492,10.766836,1.486658,
13.599334f,-2.606243,10.789386,1.485417,-2.609321,10.778277,1.486028,-2.603071,10.800830,1.484788,
13.633332f,-2.596908,10.823078,1.483568,-2.600083,10.811617,1.484196,-2.593826,10.834203,1.482958,
13.666333f,-2.587565,10.856813,1.481721,-2.590649,10.845675,1.482330,-2.584481,10.867950,1.481112,
13.699332f,-2.578216,10.890585,1.479877,-2.581301,10.879438,1.480485,-2.575037,10.902070,1.479251,
13.733333f,-2.568864,10.924379,1.478038,-2.572043,10.912888,1.478662,-2.565779,10.935533,1.477432,
13.766334f,-2.559513,10.958187,1.476203,-2.562598,10.947031,1.476807,-2.556428,10.969343,1.475599,
13.799333f,-2.550165,10.992000,1.474374,-2.553249,10.980844,1.474977,-2.546988,11.003493,1.473754,
13.833333f,-2.540823,11.025805,1.472552,-2.543998,11.014315,1.473170,-2.537742,11.036957,1.471952,
13.866334f,-2.531490,11.059592,1.470737,-2.534568,11.048448,1.471334,-2.528412,11.070736,1.470140,
13.899333f,-2.522169,11.093353,1.468930,-2.525242,11.082220,1.469525,-2.519002,11.104825,1.468317,
13.933333f,-2.512862,11.127076,1.467132,-2.516023,11.115619,1.467742,-2.509794,11.138196,1.466541,
13.966332f,-2.503573,11.160753,1.465344,-2.506635,11.149651,1.465932,-2.500511,11.171856,1.464756,
13.999333f,-2.494305,11.194371,1.463567,-2.497359,11.183290,1.464152,-2.491158,11.205789,1.462965,
14.033334f,-2.485060,11.227922,1.461801,-2.488198,11.216530,1.462399,-2.482014,11.238980,1.461220,
14.066333f,-2.475841,11.261395,1.460047,-2.478878,11.250365,1.460623,-2.472804,11.272427,1.459470,
14.099334f,-2.466652,11.294780,1.458306,-2.469679,11.283780,1.458878,-2.463533,11.306112,1.457716,
14.133332f,-2.457494,11.328066,1.456579,-2.460602,11.316769,1.457163,-2.454479,11.339031,1.456011,
14.166333f,-2.448372,11.361243,1.454866,-2.451376,11.350315,1.455429,-2.445369,11.372170,1.454304,
14.199332f,-2.439288,11.394301,1.453169,-2.442279,11.383415,1.453726,-2.436206,11.405519,1.452595,
14.233333f,-2.430244,11.427231,1.451488,-2.433311,11.416059,1.452057,-2.427267,11.438074,1.450936,
14.266334f,-2.421244,11.460022,1.449824,-2.424206,11.449226,1.450370,-2.418283,11.470817,1.449278,
14.299333f,-2.412291,11.492663,1.448178,-2.415237,11.481919,1.448718,-2.409256,11.503734,1.447622,
14.333333f,-2.403388,11.525145,1.446551,-2.406406,11.514131,1.447101,-2.400458,11.535834,1.446017,
14.366334f,-2.394536,11.557456,1.444943,-2.397448,11.546824,1.445470,-2.391625,11.568088,1.444416,
14.399333f,-2.385740,11.589588,1.443355,-2.388633,11.579018,1.443876,-2.382760,11.600480,1.442819,
14.433333f,-2.377002,11.621530,1.441788,-2.379962,11.610704,1.442317,-2.374129,11.632036,1.441275,
14.466332f,-2.368326,11.653272,1.440243,-2.371178,11.642833,1.440750,-2.365473,11.663711,1.439737,
14.499333f,-2.359713,11.684801,1.438721,-2.362544,11.674434,1.439220,-2.356796,11.695483,1.438208,
14.533334f,-2.351167,11.716110,1.437223,-2.354061,11.705505,1.437728,-2.348359,11.726403,1.436732,
14.566333f,-2.342691,11.747190,1.435748,-2.345476,11.736975,1.436230,-2.339906,11.757405,1.435266,
14.599334f,-2.334288,11.778028,1.434299,-2.337048,11.767893,1.434773,-2.331444,11.788468,1.433810,
14.633332f,-2.325960,11.808614,1.432875,-2.328778,11.798261,1.433354,-2.323225,11.818664,1.432410,
14.666333f,-2.317711,11.838939,1.431478,-2.320420,11.828978,1.431935,-2.315002,11.848900,1.431022,
14.699332f,-2.309543,11.868992,1.430109,-2.312224,11.859122,1.430556,-2.306781,11.879161,1.429648,
14.733333f,-2.301460,11.898763,1.428768,-2.304193,11.888691,1.429219,-2.298806,11.908538,1.428330,
14.766334f,-2.293463,11.928242,1.427456,-2.296087,11.918564,1.427884,-2.290839,11.937919,1.427028,
14.799333f,-2.285557,11.957419,1.426174,-2.288150,11.947844,1.426592,-2.282885,11.967285,1.425743,
14.833333f,-2.277744,11.986282,1.424923,-2.280384,11.976524,1.425343,-2.275181,11.995753,1.424515,
14.866334f,-2.270026,12.014825,1.423703,-2.272556,12.005462,1.424100,-2.267496,12.024187,1.423306,
14.899333f,-2.262408,12.043034,1.422515,-2.264904,12.033783,1.422902,-2.259835,12.052566,1.422117,
14.933333f,-2.254890,12.070898,1.421361,-2.257428,12.061484,1.421748,-2.252427,12.080034,1.420986,
14.966332f,-2.247478,12.098411,1.420241,-2.249906,12.089393,1.420605,-2.245050,12.107430,1.419877,
14.999333f,-2.240173,12.125560,1.419155,-2.242565,12.116663,1.419507,-2.237708,12.134727,1.418792,
15.033334f,-2.232979,12.152335,1.418105,-2.235405,12.143298,1.418456,-2.230623,12.161106,1.417764,
15.066333f,-2.225897,12.178725,1.417091,-2.228215,12.170082,1.417419,-2.223580,12.187368,1.416763,
15.099334f,-2.218932,12.204722,1.416114,-2.221210,12.196211,1.416430,-2.216584,12.213491,1.415789,
15.133332f,-2.212086,12.230316,1.415176,-2.214393,12.221686,1.415488,-2.209847,12.238693,1.414872,
15.166333f,-2.205362,12.255494,1.414276,-2.207560,12.247256,1.414566,-2.203164,12.263732,1.413985,
15.199332f,-2.198762,12.280248,1.413416,-2.200919,12.272152,1.413693,-2.196541,12.288589,1.413130,
15.233333f,-2.192291,12.304566,1.412596,-2.194469,12.296374,1.412867,-2.190177,12.312517,1.412332,
15.266334f,-2.185950,12.328440,1.411817,-2.188020,12.320637,1.412067,-2.183880,12.336242,1.411567,
15.299333f,-2.179743,12.351859,1.411080,-2.181768,12.344209,1.411316,-2.177656,12.359741,1.410837,
15.333333f,-2.173672,12.374812,1.410386,-2.175712,12.367090,1.410614,-2.171692,12.382307,1.410164,
15.366334f,-2.167740,12.397288,1.409736,-2.169674,12.389952,1.409943,-2.165807,12.404625,1.409528,
15.399333f,-2.161951,12.419281,1.409130,-2.163837,12.412107,1.409322,-2.160007,12.426673,1.408931,
15.433333f,-2.156307,12.440776,1.408569,-2.158211,12.433520,1.408754,-2.154459,12.447818,1.408389,
15.466332f,-2.150748,12.461963,1.408038,-2.152579,12.454991,1.408211,-2.148918,12.468935,1.407866,
15.499333f,-2.145214,12.483033,1.407522,-2.147036,12.476099,1.407690,-2.143337,12.490177,1.407349,
15.533334f,-2.139704,12.503990,1.407021,-2.141573,12.496885,1.407189,-2.137890,12.510886,1.406858,
15.566333f,-2.134218,12.524833,1.406534,-2.136024,12.517975,1.406692,-2.132412,12.531692,1.406376,
15.599334f,-2.128757,12.545561,1.406062,-2.130555,12.538739,1.406215,-2.126904,12.552588,1.405903,
15.633332f,-2.123320,12.566176,1.405603,-2.125164,12.559187,1.405757,-2.121530,12.572961,1.405454,
15.666333f,-2.117907,12.586680,1.405159,-2.119689,12.579933,1.405304,-2.116125,12.593428,1.405015,
15.699332f,-2.112518,12.607073,1.404730,-2.114292,12.600363,1.404869,-2.110691,12.613987,1.404586,
15.733333f,-2.107154,12.627354,1.404314,-2.108974,12.620478,1.404453,-2.105388,12.634027,1.404179,
15.766334f,-2.101815,12.647524,1.403912,-2.103573,12.640886,1.404042,-2.100057,12.654161,1.403782,
15.799333f,-2.096499,12.667584,1.403525,-2.098249,12.660983,1.403650,-2.094697,12.674386,1.403395,
15.833333f,-2.091209,12.687536,1.403151,-2.093003,12.680772,1.403276,-2.089467,12.694102,1.403030,
15.866334f,-2.085943,12.707379,1.402791,-2.087676,12.700850,1.402907,-2.084209,12.713908,1.402674,
15.899333f,-2.080701,12.727113,1.402444,-2.082426,12.720619,1.402556,-2.078923,12.733804,1.402329,
15.933333f,-2.075484,12.746740,1.402112,-2.077253,12.740086,1.402223,-2.073766,12.753199,1.402004,
15.966332f,-2.070291,12.766261,1.401792,-2.072001,12.759838,1.401896,-2.068582,12.772685,1.401689,
15.999333f,-2.065123,12.785673,1.401487,-2.066825,12.779284,1.401585,-2.063371,12.792255,1.401385,
16.033333f,-2.059980,12.804982,1.401194,-2.061724,12.798436,1.401291,-2.058287,12.811337,1.401100,
16.066334f,-2.054861,12.824185,1.400916,-2.056546,12.817866,1.401005,-2.053176,12.830504,1.400826,
16.099335f,-2.049767,12.843285,1.400650,-2.051444,12.837000,1.400735,-2.048040,12.849759,1.400562,
16.133331f,-2.044698,12.862279,1.400397,-2.046417,12.855840,1.400481,-2.043030,12.868530,1.400316,
16.166332f,-2.039654,12.881171,1.400158,-2.041314,12.874954,1.400235,-2.037993,12.887388,1.400081,
16.199333f,-2.034634,12.899961,1.399932,-2.036286,12.893778,1.400004,-2.032932,12.906331,1.399857,
16.233334f,-2.029639,12.918647,1.399718,-2.031333,12.912312,1.399789,-2.027995,12.924796,1.399650,
16.266335f,-2.024669,12.937232,1.399518,-2.026305,12.931116,1.399582,-2.023033,12.943348,1.399454,
16.299332f,-2.019724,12.955717,1.399330,-2.021351,12.949635,1.399390,-2.018047,12.961985,1.399268,
16.333332f,-2.014804,12.974101,1.399155,-2.016472,12.967868,1.399212,-2.013184,12.980151,1.399099,
16.366333f,-2.009908,12.992386,1.398992,-2.011519,12.986368,1.399044,-2.008297,12.998404,1.398941,
16.399334f,-2.005038,13.010572,1.398843,-2.006641,13.004588,1.398890,-2.003386,13.016738,1.398794,
16.433334f,-2.000192,13.028660,1.398705,-2.001835,13.022528,1.398750,-1.998598,13.034612,1.398662,
16.466331f,-1.995371,13.046649,1.398580,-1.996958,13.040730,1.398620,-1.993785,13.052569,1.398541,
16.499332f,-1.990576,13.064542,1.398468,-1.992154,13.058654,1.398503,-1.988950,13.070608,1.398431,
16.533333f,-1.985806,13.082337,1.398367,-1.987423,13.076303,1.398399,-1.984236,13.088194,1.398336,
16.566334f,-1.981060,13.100037,1.398279,-1.982622,13.094212,1.398306,-1.979498,13.105862,1.398252,
16.599335f,-1.976340,13.117641,1.398203,-1.977893,13.111848,1.398226,-1.974739,13.123610,1.398179,
16.633331f,-1.971644,13.135150,1.398139,-1.973236,13.129214,1.398159,-1.970099,13.140912,1.398120,
16.666332f,-1.966974,13.152566,1.398087,-1.968511,13.146834,1.398103,-1.965437,13.158298,1.398072,
16.699333f,-1.962329,13.169888,1.398047,-1.963858,13.164187,1.398058,-1.960755,13.175760,1.398035,
16.733334f,-1.957709,13.187115,1.398019,-1.959276,13.181273,1.398026,-1.956189,13.192784,1.398011,
16.766335f,-1.953115,13.204251,1.398002,-1.954627,13.198612,1.398006,-1.951603,13.209890,1.397999,
16.799332f,-1.948546,13.221296,1.397997,-1.950049,13.215688,1.397997,-1.946997,13.227076,1.397997,
16.833332f,-1.944002,13.238249,1.398004,-1.945542,13.232501,1.398000,-1.942506,13.243828,1.398008,
16.866333f,-1.939483,13.255112,1.398022,-1.940970,13.249562,1.398014,-1.937996,13.260661,1.398030,
16.899334f,-1.934990,13.271883,1.398051,-1.936468,13.266363,1.398040,-1.933466,13.277570,1.398063,
16.933334f,-1.930522,13.288567,1.398092,-1.932036,13.282910,1.398076,-1.929052,13.294056,1.398108,
16.966331f,-1.926079,13.305161,1.398144,-1.927541,13.299700,1.398125,-1.924617,13.310621,1.398163,
16.999332f,-1.921662,13.321667,1.398208,-1.923115,13.316235,1.398185,-1.920164,13.327264,1.398231,
17.033333f,-1.917270,13.338085,1.398282,-1.918759,13.332519,1.398255,-1.915825,13.343489,1.398309,
17.066334f,-1.912904,13.354416,1.398368,-1.914340,13.349041,1.398338,-1.911467,13.359791,1.398398,
17.099335f,-1.908563,13.370662,1.398464,-1.909991,13.365315,1.398431,-1.907092,13.376169,1.398499,
17.133331f,-1.904248,13.386821,1.398572,-1.905710,13.381342,1.398533,-1.902828,13.392139,1.398609,
17.166332f,-1.899958,13.402895,1.398690,-1.901369,13.397605,1.398649,-1.898547,13.408185,1.398731,
17.199333f,-1.895694,13.418884,1.398819,-1.897097,13.413622,1.398775,-1.894248,13.424306,1.398864,
17.233334f,-1.891455,13.434790,1.398958,-1.892892,13.429397,1.398909,-1.890061,13.440024,1.399006,
17.266335f,-1.887242,13.450611,1.399109,-1.888628,13.445404,1.399057,-1.885856,13.455818,1.399160,
17.299332f,-1.883055,13.466351,1.399269,-1.884432,13.461171,1.399215,-1.881636,13.471687,1.399326,
17.333332f,-1.878893,13.482008,1.399440,-1.880304,13.476699,1.399380,-1.877524,13.487161,1.399498,
17.366333f,-1.874757,13.497584,1.399622,-1.876118,13.492458,1.399560,-1.873397,13.502710,1.399683,
17.399334f,-1.870647,13.513079,1.399814,-1.871999,13.507979,1.399749,-1.869254,13.518332,1.399881,
17.433331f,-1.866562,13.528492,1.400015,-1.867947,13.523266,1.399945,-1.865219,13.533566,1.400084,
17.466331f,-1.862504,13.543827,1.400228,-1.863839,13.538780,1.400156,-1.861169,13.548874,1.400299,
17.499332f,-1.858471,13.559082,1.400450,-1.859797,13.554061,1.400375,-1.857104,13.564255,1.400527,
17.533333f,-1.854464,13.574259,1.400682,-1.855822,13.569113,1.400601,-1.853146,13.579254,1.400760,
17.566334f,-1.850483,13.589356,1.400924,-1.851792,13.584387,1.400842,-1.849173,13.594325,1.401005,
17.599331f,-1.846527,13.604379,1.401176,-1.847828,13.599435,1.401091,-1.845187,13.609472,1.401263,
17.633331f,-1.842598,13.619322,1.401437,-1.843929,13.614254,1.401347,-1.841306,13.624241,1.401525,
17.666332f,-1.838694,13.634191,1.401708,-1.839978,13.629297,1.401617,-1.837411,13.639084,1.401800,
17.699333f,-1.834817,13.648983,1.401989,-1.836092,13.644114,1.401895,-1.833503,13.653999,1.402086,
17.733334f,-1.830966,13.663701,1.402280,-1.832271,13.658710,1.402179,-1.829699,13.668545,1.402377,
17.766331f,-1.827140,13.678345,1.402580,-1.828398,13.673526,1.402479,-1.825882,13.683165,1.402680,
17.799332f,-1.823341,13.692913,1.402889,-1.824590,13.688117,1.402785,-1.822054,13.697854,1.402995,
17.833332f,-1.819567,13.707411,1.403207,-1.820846,13.702495,1.403097,-1.818326,13.712182,1.403314,
17.866333f,-1.815820,13.721834,1.403535,-1.817052,13.717087,1.403425,-1.814588,13.726582,1.403644,
17.899334f,-1.812099,13.736186,1.403872,-1.813323,13.731462,1.403759,-1.810838,13.741053,1.403988,
17.933331f,-1.808404,13.750466,1.404217,-1.809656,13.745624,1.404098,-1.807189,13.755167,1.404333,
17.966331f,-1.804735,13.764676,1.404572,-1.805941,13.759998,1.404454,-1.803529,13.769354,1.404691,
17.999332f,-1.801093,13.778815,1.404936,-1.802290,13.774161,1.404815,-1.799859,13.783610,1.405061,
18.033333f,-1.797476,13.792887,1.405309,-1.798701,13.788116,1.405180,-1.796287,13.797518,1.405433,
18.066334f,-1.793886,13.806887,1.405690,-1.795067,13.802278,1.405563,-1.792706,13.811495,1.405817,
18.099331f,-1.790323,13.820820,1.406080,-1.791494,13.816234,1.405950,-1.789115,13.825545,1.406214,
18.133331f,-1.786785,13.834684,1.406479,-1.787983,13.829982,1.406342,-1.785622,13.839249,1.406612,
18.166332f,-1.783274,13.848484,1.406886,-1.784428,13.843942,1.406750,-1.782120,13.853026,1.407021,
18.199333f,-1.779789,13.862214,1.407301,-1.780935,13.857694,1.407163,-1.778609,13.866871,1.407444,
18.233334f,-1.776331,13.875880,1.407725,-1.777502,13.871245,1.407580,-1.775194,13.880378,1.407867,
18.266331f,-1.772899,13.889480,1.408158,-1.774027,13.885003,1.408014,-1.771771,13.893956,1.408302,
18.299332f,-1.769493,13.903015,1.408598,-1.770613,13.898560,1.408451,-1.768340,13.907606,1.408749,
18.333332f,-1.766114,13.916487,1.409047,-1.767259,13.911918,1.408893,-1.765004,13.920921,1.409196,
18.366333f,-1.762762,13.929893,1.409503,-1.763864,13.925480,1.409351,-1.761660,13.934307,1.409655,
18.399334f,-1.759436,13.943238,1.409968,-1.760529,13.938845,1.409813,-1.758310,13.947764,1.410127,
18.433331f,-1.756136,13.956521,1.410441,-1.757254,13.952016,1.410279,-1.755052,13.960894,1.410598,
18.466331f,-1.752864,13.969742,1.410921,-1.753939,13.965389,1.410761,-1.751788,13.974094,1.411081,
18.499332f,-1.749617,13.982902,1.411409,-1.750684,13.978569,1.411247,-1.748518,13.987365,1.411577,
18.533333f,-1.746398,13.996000,1.411905,-1.747488,13.991557,1.411735,-1.745340,14.000313,1.412070,
18.566334f,-1.743205,14.009039,1.412409,-1.744254,14.004746,1.412241,-1.742156,14.013331,1.412576,
18.599331f,-1.740038,14.022020,1.412920,-1.741079,14.017748,1.412750,-1.738966,14.026423,1.413095,
18.633331f,-1.736899,14.034940,1.413438,-1.737962,14.030557,1.413261,-1.735867,14.039194,1.413611,
18.666332f,-1.733786,14.047804,1.413964,-1.734809,14.043569,1.413789,-1.732763,14.052039,1.414139,
18.699333f,-1.730700,14.060609,1.414497,-1.731714,14.056393,1.414320,-1.729655,14.064953,1.414680,
18.733334f,-1.727641,14.073358,1.415038,-1.728676,14.069033,1.414853,-1.726636,14.077555,1.415217,
18.766331f,-1.724608,14.086049,1.415585,-1.725604,14.081871,1.415404,-1.723612,14.090228,1.415767,
18.799332f,-1.721603,14.098686,1.416140,-1.722590,14.094525,1.415956,-1.720586,14.102973,1.416330,
18.833332f,-1.718624,14.111267,1.416702,-1.719632,14.106999,1.416510,-1.717646,14.115410,1.416888,
18.866333f,-1.715672,14.123794,1.417270,-1.716642,14.119669,1.417082,-1.714703,14.127918,1.417459,
18.899334f,-1.712747,14.136267,1.417846,-1.713708,14.132160,1.417655,-1.711758,14.140497,1.418043,
18.933331f,-1.709849,14.148686,1.418428,-1.710830,14.144473,1.418229,-1.708898,14.152776,1.418621,
18.966331f,-1.706978,14.161055,1.419017,-1.707921,14.156982,1.418821,-1.706035,14.165127,1.419212,
18.999332f,-1.704134,14.173368,1.419612,-1.705068,14.169313,1.419415,-1.703172,14.177547,1.419816,
19.033333f,-1.701318,14.185632,1.420215,-1.702271,14.181472,1.420009,-1.700392,14.189670,1.420414,
19.066334f,-1.698528,14.197844,1.420823,-1.699444,14.193822,1.420621,-1.697612,14.201864,1.421025,
19.099331f,-1.695765,14.210007,1.421438,-1.696672,14.206002,1.421234,-1.694830,14.214133,1.421648,
19.133331f,-1.693029,14.222118,1.422059,-1.693955,14.218009,1.421847,-1.692131,14.226108,1.422265,
19.166332f,-1.690321,14.234183,1.422687,-1.691210,14.230210,1.422479,-1.689431,14.238156,1.422895,
19.199333f,-1.687639,14.246197,1.423320,-1.688520,14.242240,1.423110,-1.686732,14.250274,1.423537,
19.233334f,-1.684985,14.258165,1.423960,-1.685883,14.254105,1.423741,-1.684114,14.262106,1.424172,
19.266331f,-1.682358,14.270084,1.424606,-1.683221,14.266159,1.424392,-1.681496,14.274010,1.424820,
19.299332f,-1.679758,14.281958,1.425257,-1.680612,14.278048,1.425041,-1.678879,14.285986,1.425480,
19.333332f,-1.677186,14.293784,1.425915,-1.678056,14.289771,1.425690,-1.676342,14.297679,1.426133,
19.366333f,-1.674641,14.305566,1.426578,-1.675476,14.301685,1.426358,-1.673806,14.309446,1.426798,
19.399334f,-1.672123,14.317302,1.427247,-1.672949,14.313437,1.427026,-1.671272,14.321284,1.427476,
19.433331f,-1.669633,14.328995,1.427922,-1.670475,14.325027,1.427691,-1.668815,14.332846,1.428145,
19.466331f,-1.667169,14.340643,1.428602,-1.667978,14.336806,1.428377,-1.666361,14.344480,1.428827,
19.499332f,-1.664734,14.352249,1.429288,-1.665533,14.348427,1.429061,-1.663911,14.356188,1.429522,
19.533333f,-1.662326,14.363811,1.429979,-1.663140,14.359888,1.429743,-1.661535,14.367620,1.430207,
19.566334f,-1.659945,14.375333,1.430675,-1.660726,14.371538,1.430444,-1.659164,14.379128,1.430906,
19.599331f,-1.657591,14.386814,1.431377,-1.658363,14.383033,1.431144,-1.656796,14.390710,1.431616,
19.633331f,-1.655266,14.398252,1.432084,-1.656052,14.394370,1.431842,-1.654503,14.402020,1.432318,
19.666332f,-1.652967,14.409652,1.432795,-1.653721,14.405897,1.432560,-1.652214,14.413406,1.433031,
19.699333f,-1.650697,14.421012,1.433512,-1.651441,14.417270,1.433275,-1.649929,14.424868,1.433757,
19.733334f,-1.648454,14.432332,1.434234,-1.649211,14.428490,1.433988,-1.647718,14.436061,1.434473,
19.766331f,-1.646238,14.443615,1.434961,-1.646965,14.439898,1.434720,-1.645512,14.447331,1.435202,
19.799332f,-1.644050,14.454861,1.435692,-1.644768,14.451157,1.435450,-1.643311,14.458677,1.435942,
19.833332f,-1.641890,14.466068,1.436429,-1.642620,14.462264,1.436178,-1.641182,14.469761,1.436672,
19.866333f,-1.639758,14.477240,1.437169,-1.640457,14.473559,1.436924,-1.639059,14.480920,1.437415,
19.899334f,-1.637653,14.488375,1.437915,-1.638343,14.484706,1.437668,-1.636942,14.492154,1.438169,
19.933331f,-1.635576,14.499476,1.438665,-1.636277,14.495708,1.438409,-1.634895,14.503134,1.438913,
19.966331f,-1.633527,14.510542,1.439419,-1.634198,14.506896,1.439169,-1.632855,14.514188,1.439669,
19.999332f,-1.631505,14.521573,1.440178,-1.632168,14.517939,1.439927,-1.630823,14.525318,1.440436,
20.033333f,-1.629512,14.532572,1.440941,-1.630185,14.528838,1.440681,-1.628858,14.536196,1.441193,
20.066334f,-1.627546,14.543536,1.441708,-1.628190,14.539924,1.441454,-1.626902,14.547149,1.441962,
20.099331f,-1.625608,14.554470,1.442479,-1.626243,14.550868,1.442224,-1.624954,14.558182,1.442742,
20.133331f,-1.623698,14.565371,1.443254,-1.624343,14.561669,1.442990,-1.623073,14.568962,1.443511,
20.166332f,-1.621816,14.576241,1.444033,-1.622433,14.572659,1.443775,-1.621200,14.579823,1.444291,
20.199333f,-1.619962,14.587082,1.444816,-1.620569,14.583509,1.444557,-1.619337,14.590762,1.445083,
20.233334f,-1.618136,14.597892,1.445603,-1.618752,14.594222,1.445335,-1.617538,14.601454,1.445863,
20.266331f,-1.616338,14.608673,1.446394,-1.616927,14.605121,1.446132,-1.615749,14.612226,1.446655,
20.299332f,-1.614568,14.619425,1.447188,-1.615147,14.615881,1.446925,-1.613971,14.623075,1.447458,
20.333332f,-1.612826,14.630150,1.447986,-1.613414,14.626509,1.447714,-1.612256,14.633684,1.448249,
20.366333f,-1.611112,14.640847,1.448787,-1.611673,14.637321,1.448522,-1.610552,14.644373,1.449052,
20.399334f,-1.609427,14.651517,1.449592,-1.609978,14.648001,1.449325,-1.608859,14.655140,1.449866,
20.433331f,-1.607769,14.662160,1.450400,-1.608328,14.658546,1.450124,-1.607227,14.665668,1.450667,
20.466331f,-1.606140,14.672778,1.451211,-1.606673,14.669278,1.450943,-1.605607,14.676278,1.451479,
20.499332f,-1.604539,14.683372,1.452025,-1.605062,14.679880,1.451756,-1.603999,14.686969,1.452303,
20.533333f,-1.602966,14.693940,1.452843,-1.603496,14.690351,1.452564,-1.602451,14.697424,1.453113,
20.566334f,-1.601421,14.704486,1.453663,-1.601926,14.701010,1.453392,-1.600916,14.707961,1.453935,
20.599331f,-1.599905,14.715007,1.454487,-1.600400,14.711539,1.454215,-1.599394,14.718580,1.454768,
20.633331f,-1.598417,14.725506,1.455314,-1.598918,14.721940,1.455032,-1.597930,14.728967,1.455587,
20.666332f,-1.596957,14.735984,1.456143,-1.597434,14.732531,1.455869,-1.596480,14.739437,1.456417,
20.699333f,-1.595526,14.746439,1.456975,-1.595993,14.742992,1.456700,-1.595044,14.749990,1.457258,
20.733334f,-1.594123,14.756875,1.457809,-1.594595,14.753331,1.457525,-1.593664,14.760315,1.458085,
20.766331f,-1.592748,14.767288,1.458647,-1.593197,14.763855,1.458370,-1.592299,14.770721,1.458923,
20.799332f,-1.591402,14.777684,1.459486,-1.591841,14.774257,1.459209,-1.590949,14.781215,1.459772,
20.833332f,-1.590084,14.788060,1.460328,-1.590527,14.784535,1.460042,-1.589654,14.791481,1.460607,
20.866333f,-1.588795,14.798418,1.461173,-1.589216,14.795003,1.460894,-1.588374,14.801833,1.461452,
20.899334f,-1.587534,14.808757,1.462020,-1.587946,14.805347,1.461740,-1.587111,14.812269,1.462308,
20.933331f,-1.586302,14.819080,1.462869,-1.586716,14.815574,1.462580,-1.585900,14.822484,1.463149,
20.966331f,-1.585099,14.829387,1.463720,-1.585491,14.825989,1.463439,-1.584706,14.832785,1.464001,
20.999332f,-1.583924,14.839676,1.464573,-1.584307,14.836283,1.464291,-1.583529,14.843171,1.464863,
21.033333f,-1.582778,14.849951,1.465428,-1.583162,14.846460,1.465137,-1.582404,14.853339,1.465711,
21.066334f,-1.581660,14.860210,1.466285,-1.582024,14.856828,1.466002,-1.581296,14.863593,1.466568,
21.099331f,-1.580571,14.870456,1.467144,-1.580925,14.867078,1.466860,-1.580206,14.873937,1.467436,
21.133331f,-1.579511,14.880690,1.468004,-1.579866,14.877213,1.467712,-1.579166,14.884064,1.468289,
21.166332f,-1.578479,14.890908,1.468867,-1.578815,14.887538,1.468582,-1.578144,14.894279,1.469151,
21.199333f,-1.577477,14.901115,1.469730,-1.577799,14.897753,1.469444,-1.577144,14.904580,1.470026,
21.233334f,-1.576524,14.911288,1.470603,-1.576818,14.907857,1.470298,-1.576238,14.914618,1.470900,
21.266331f,-1.575745,14.921302,1.471530,-1.575971,14.918028,1.471214,-1.575519,14.924576,1.471845,
21.299332f,-1.575155,14.931135,1.472515,-1.575319,14.927919,1.472180,-1.574986,14.934448,1.472859,
21.333332f,-1.574748,14.940791,1.473556,-1.574856,14.937538,1.473193,-1.574643,14.943948,1.473909,
21.366333f,-1.574518,14.950270,1.474652,-1.574566,14.947170,1.474282,-1.574471,14.953369,1.475022,
21.399334f,-1.574459,14.959575,1.475799,-1.574452,14.956532,1.475412,-1.574467,14.962708,1.476197,
21.433331f,-1.574565,14.968707,1.476995,-1.574502,14.965631,1.476580,-1.574625,14.971692,1.477397,
21.466331f,-1.574829,14.977670,1.478238,-1.574716,14.974740,1.477820,-1.574941,14.980599,1.478655,
21.499332f,-1.575244,14.986462,1.479525,-1.575083,14.983587,1.479093,-1.575411,14.989423,1.479969,
21.533333f,-1.575806,14.995090,1.480854,-1.575592,14.992185,1.480395,-1.576015,14.997910,1.481299,
21.566334f,-1.576508,15.003551,1.482222,-1.576255,15.000786,1.481764,-1.576762,15.006316,1.482679,
21.599331f,-1.577344,15.011850,1.483627,-1.577047,15.009139,1.483158,-1.577650,15.014645,1.484111,
21.633331f,-1.578308,15.019989,1.485067,-1.577959,15.017249,1.484572,-1.578646,15.022648,1.485547,
21.666332f,-1.579392,15.027967,1.486539,-1.579015,15.025360,1.486048,-1.579769,15.030575,1.487030,
21.699333f,-1.580593,15.035789,1.488041,-1.580178,15.033234,1.487541,-1.581019,15.038423,1.488556,
21.733334f,-1.581902,15.043457,1.489570,-1.581439,15.040876,1.489046,-1.582351,15.045961,1.490079,
21.766331f,-1.583314,15.050969,1.491125,-1.582832,15.048515,1.490608,-1.583796,15.053423,1.491641,
21.799332f,-1.584823,15.058331,1.492701,-1.584310,15.055926,1.492178,-1.585352,15.060808,1.493241,
21.833332f,-1.586423,15.065543,1.494298,-1.585865,15.063116,1.493752,-1.586965,15.067899,1.494828,
21.866333f,-1.588107,15.072607,1.495912,-1.587538,15.070300,1.495377,-1.588676,15.074914,1.496448,
21.899334f,-1.589870,15.079525,1.497542,-1.589276,15.077266,1.497002,-1.590481,15.081852,1.498099,
21.933331f,-1.591704,15.086300,1.499185,-1.591070,15.084022,1.498625,-1.592321,15.088511,1.499729,
21.966331f,-1.593606,15.092932,1.500838,-1.592968,15.090767,1.500291,-1.594243,15.095097,1.501385,
21.999332f,-1.595566,15.099423,1.502499,-1.594910,15.097304,1.501950,-1.596242,15.101607,1.503065,
22.033333f,-1.597581,15.105777,1.504166,-1.596888,15.103640,1.503599,-1.598253,15.107851,1.504716,
22.066334f,-1.599643,15.111995,1.505836,-1.598956,15.109965,1.505285,-1.600330,15.114024,1.506387,
22.099331f,-1.601746,15.118077,1.507506,-1.601046,15.116092,1.506956,-1.602467,15.120123,1.508074,
22.133331f,-1.603885,15.124028,1.509176,-1.603153,15.122027,1.508609,-1.604596,15.125970,1.509726,
22.166332f,-1.606053,15.129848,1.510841,-1.605334,15.127949,1.510292,-1.606772,15.131746,1.511389,
22.199333f,-1.608244,15.135538,1.512499,-1.607518,15.133681,1.511953,-1.608992,15.137451,1.513062,
22.233334f,-1.610451,15.141101,1.514149,-1.609699,15.139231,1.513590,-1.611182,15.142916,1.514691,
22.266331f,-1.612670,15.146541,1.515787,-1.611937,15.144767,1.515249,-1.613403,15.148315,1.516325,
22.299332f,-1.614892,15.151855,1.517412,-1.614159,15.150122,1.516878,-1.615648,15.153642,1.517961,
22.333332f,-1.617114,15.157049,1.519020,-1.616360,15.155304,1.518477,-1.617845,15.158743,1.519548,
22.366333f,-1.619327,15.162124,1.520610,-1.618599,15.160468,1.520089,-1.620055,15.163779,1.521132,
22.399334f,-1.621526,15.167081,1.522179,-1.620804,15.165464,1.521665,-1.622271,15.168746,1.522709,
22.433331f,-1.623706,15.171923,1.523725,-1.622969,15.170296,1.523204,-1.624420,15.173502,1.524231,
22.466331f,-1.625859,15.176651,1.525245,-1.625153,15.175109,1.524748,-1.626564,15.178193,1.525742,
22.499332f,-1.627979,15.181267,1.526736,-1.627286,15.179762,1.526249,-1.628693,15.182817,1.527238,
22.533333f,-1.630061,15.185774,1.528197,-1.629361,15.184260,1.527706,-1.630740,15.187243,1.528674,
22.566334f,-1.632098,15.190172,1.529625,-1.631434,15.188739,1.529160,-1.632762,15.191606,1.530090,
22.599331f,-1.634084,15.194464,1.531018,-1.633438,15.193065,1.530564,-1.634750,15.195905,1.531484,
22.633331f,-1.636014,15.198650,1.532372,-1.635368,15.197244,1.531918,-1.636640,15.200015,1.532812,
22.666332f,-1.637879,15.202737,1.533687,-1.637275,15.201406,1.533260,-1.638484,15.204068,1.534113,
22.699333f,-1.639676,15.206722,1.534958,-1.639096,15.205423,1.534546,-1.640274,15.208060,1.535383,
22.733334f,-1.641397,15.210608,1.536185,-1.640826,15.209303,1.535776,-1.641951,15.211874,1.536581,
22.766331f,-1.643036,15.214397,1.537363,-1.642510,15.213162,1.536983,-1.643563,15.215632,1.537744,
22.799332f,-1.644588,15.218093,1.538492,-1.644091,15.216889,1.538128,-1.645099,15.219333,1.538867,
22.833332f,-1.646045,15.221694,1.539569,-1.645567,15.220485,1.539212,-1.646510,15.222868,1.539915,
22.866333f,-1.647402,15.225206,1.540591,-1.646972,15.224062,1.540263,-1.647833,15.226351,1.540918,
22.899334f,-1.648654,15.228627,1.541555,-1.648259,15.227512,1.541247,-1.649060,15.229775,1.541873,
22.933331f,-1.649792,15.231962,1.542460,-1.649425,15.230844,1.542163,-1.650148,15.233048,1.542748,
22.966331f,-1.650812,15.235212,1.543303,-1.650496,15.234154,1.543036,-1.651128,15.236271,1.543571,
22.999332f,-1.651707,15.238378,1.544082,-1.651431,15.237345,1.543834,-1.651992,15.239442,1.544336,
23.033333f,-1.652488,15.241470,1.544801,-1.652225,15.240421,1.544558,-1.652743,15.242488,1.545037,
23.066334f,-1.653251,15.244547,1.545511,-1.652999,15.243533,1.545277,-1.653502,15.245561,1.545745,
23.099331f,-1.654012,15.247613,1.546219,-1.653761,15.246602,1.545986,-1.654270,15.248654,1.546460,
23.133331f,-1.654771,15.250672,1.546925,-1.654513,15.249634,1.546686,-1.655021,15.251680,1.547158,
23.166332f,-1.655529,15.253723,1.547630,-1.655279,15.252718,1.547398,-1.655778,15.254728,1.547862,
23.199333f,-1.656284,15.256763,1.548332,-1.656035,15.255761,1.548101,-1.656541,15.257796,1.548571,
23.233334f,-1.657038,15.259797,1.549033,-1.656782,15.258767,1.548795,-1.657287,15.260797,1.549264,
23.266331f,-1.657791,15.262820,1.549732,-1.657543,15.261824,1.549501,-1.658039,15.263817,1.549962,
23.299332f,-1.658541,15.265837,1.550429,-1.658294,15.264843,1.550199,-1.658796,15.266861,1.550665,
23.333332f,-1.659290,15.268845,1.551124,-1.659036,15.267824,1.550888,-1.659537,15.269835,1.551353,
23.366333f,-1.660037,15.271843,1.551817,-1.659791,15.270855,1.551589,-1.660284,15.272831,1.552046,
23.399334f,-1.660783,15.274834,1.552509,-1.660537,15.273849,1.552281,-1.661036,15.275849,1.552744,
23.433331f,-1.661527,15.277816,1.553198,-1.661274,15.276804,1.552964,-1.661772,15.278798,1.553426,
23.466331f,-1.662269,15.280789,1.553887,-1.662024,15.279810,1.553660,-1.662513,15.281769,1.554113,
23.499332f,-1.663009,15.283754,1.554573,-1.662765,15.282778,1.554346,-1.663260,15.284760,1.554806,
23.533333f,-1.663748,15.286711,1.555257,-1.663497,15.285707,1.555025,-1.663991,15.287685,1.555483,
23.566334f,-1.664485,15.289660,1.555939,-1.664242,15.288688,1.555714,-1.664727,15.290630,1.556164,
23.599331f,-1.665220,15.292599,1.556620,-1.664977,15.291630,1.556396,-1.665469,15.293597,1.556851,
23.633331f,-1.665953,15.295530,1.557299,-1.665704,15.294535,1.557068,-1.666195,15.296496,1.557523,
23.666332f,-1.666685,15.298453,1.557976,-1.666444,15.297490,1.557753,-1.666926,15.299417,1.558199,
23.699333f,-1.667415,15.301368,1.558651,-1.667174,15.300407,1.558429,-1.667663,15.302357,1.558880,
23.733334f,-1.668143,15.304274,1.559325,-1.667896,15.303288,1.559096,-1.668383,15.305231,1.559546,
23.766331f,-1.668870,15.307171,1.559996,-1.668631,15.306216,1.559775,-1.669110,15.308125,1.560218,
23.799332f,-1.669595,15.310061,1.560666,-1.669356,15.309109,1.560445,-1.669841,15.311042,1.560893,
23.833332f,-1.670318,15.312942,1.561334,-1.670073,15.311964,1.561107,-1.670557,15.313890,1.561554,
23.866333f,-1.671040,15.315814,1.562000,-1.670802,15.314867,1.561781,-1.671278,15.316761,1.562220,
23.899334f,-1.671760,15.318679,1.562665,-1.671523,15.317735,1.562446,-1.672004,15.319651,1.562890,
23.933331f,-1.672478,15.321534,1.563328,-1.672234,15.320565,1.563103,-1.672715,15.322475,1.563546,
23.966331f,-1.673195,15.324382,1.563989,-1.672958,15.323443,1.563771,-1.673431,15.325320,1.564206,
23.999332f,-1.673910,15.327221,1.564648,-1.673674,15.326285,1.564430,-1.674152,15.328185,1.564871,
24.033333f,-1.674623,15.330052,1.565305,-1.674381,15.329091,1.565082,-1.674858,15.330985,1.565522,
24.066334f,-1.675334,15.332874,1.565961,-1.675100,15.331944,1.565745,-1.675569,15.333804,1.566177,
24.099331f,-1.676044,15.335690,1.566614,-1.675810,15.334762,1.566399,-1.676186,15.336252,1.566745,
24.119331f,-0.473311,13.960193,1.375713,-0.473311,13.960193,1.375713,-0.473311,13.960193,1.375713,
30.332333f,-0.473311,13.960193,1.375713,-0.473311,13.960193,1.375713,-0.473311,13.960193,1.375713,
30.333332f,-0.729446,14.176721,1.432086,-0.729446,14.176721,1.432086,-0.729446,14.176721,1.432086,
32.532333f,-0.729446,14.176721,1.432086,-0.729446,14.176721,1.432086,-0.729446,14.176721,1.432086,
32.533333f,-0.248419,14.016188,1.321015,-0.248419,14.016188,1.321015,-0.248419,14.016188,1.321015,
36.666332f,-0.248419,14.016188,1.321015,-0.248419,14.016188,1.321015,-0.248419,14.016188,1.321015,
36.686333f,0.138208,14.324602,1.305101,0.138208,14.324602,1.305101,0.138208,14.324602,1.305101,
39.032333f,0.138208,14.324602,1.305101,0.138208,14.324602,1.305101,0.138208,14.324602,1.305101,
39.033333f,0.199171,14.556872,1.368276,0.199171,14.556872,1.368276,0.199171,14.556872,1.368276,
43.016331f,0.199171,14.556872,1.368276,0.199171,14.556872,1.368276,0.199171,14.556872,1.368276,
43.036331f,-1.002348,15.089886,1.522425,-1.002348,15.089886,1.522425,-1.002348,15.089886,1.522425,
44.099331f,-1.002348,15.089886,1.522425,-1.002348,15.089886,1.522425,-1.002348,15.089886,1.522425,
44.119331f,-0.948975,15.182929,1.460571,-0.948975,15.182929,1.460571,-0.948975,15.182929,1.460571,
46.982330f,-0.948975,15.182929,1.460571,-0.948975,15.182929,1.460571,-0.948975,15.182929,1.460571,
46.983334f,-1.855859,15.219784,1.357836,-1.855859,15.219784,1.357836,-1.855859,15.219784,1.357836,
48.599331f,-1.855859,15.219784,1.357836,-1.855859,15.219784,1.357836,-1.855859,15.219784,1.357836,
48.619331f,-1.229845,15.160288,0.740910,-1.229845,15.160288,0.740910,-1.229845,15.160288,0.740910,
49.149334f,-1.229845,15.160288,0.740910,-1.229845,15.160288,0.740910,-1.229845,15.160288,0.740910,
49.169334f,-1.150290,15.032114,1.424671,-1.150290,15.032114,1.424671,-1.150290,15.032114,1.424671,
52.066334f,-1.150290,15.032114,1.424671,-1.150290,15.032114,1.424671,-1.150290,15.032114,1.424671,
52.086334f,-1.334164,15.169087,0.931799,-1.334164,15.169087,0.931799,-1.334164,15.169087,0.931799,
57.432331f,-1.334164,15.169087,0.931799,-1.334164,15.169087,0.931799,-1.334164,15.169087,0.931799,
57.433331f,-1.155961,13.465458,0.442951,-1.155961,13.465458,0.442951,-1.155961,13.465458,0.442951,
62.366329f,-1.378958,14.572817,0.967456,-1.378958,14.572817,0.967456,-1.378958,14.572817,0.967456,
62.386330f,-1.258434,14.938091,1.234208,-1.258434,14.938091,1.234208,-1.258434,14.938091,1.234208,
63.766331f,-1.258434,14.938091,1.234208,-1.258434,14.938091,1.234208,-1.258434,14.938091,1.234208,
63.766666f,-1.258434,14.938091,1.234208,-1.258434,14.938091,1.234208,-1.258434,14.938091,1.234208,
;
;
                                                                                                                                                                                                                                                                                                                                                                                                                                                                                                                                                                                                         