23,
0.000000f,71.672729,71.672729,71.672729,
10.598999f,71.672729,71.672729,71.672729,
10.599998f,71.672729,71.672729,71.672729,
12.299000f,71.672729,71.672729,71.672729,
12.299999f,71.672729,71.672729,71.672729,
13.466000f,71.672729,71.672729,71.672729,
13.466000f,71.672729,71.672729,71.672729,
17.333000f,71.672729,71.672729,71.672729,
17.333000f,71.672729,71.672729,71.672729,
21.432999f,71.672729,71.672729,71.672729,
21.432999f,71.672729,71.672729,71.672729,
25.799004f,71.672729,71.672729,71.672729,
25.800003f,97.790909,97.790909,97.790909,
28.598999f,97.790909,97.790909,97.790909,
28.599998f,71.672729,71.672729,71.672729,
32.999001f,71.672729,71.672729,71.672729,
33.000000f,71.672729,71.672729,71.672729,
40.799004f,71.672729,71.672729,71.672729,
40.800003f,71.672729,71.672729,71.672729,
44.265999f,71.672729,71.672729,71.672729,
44.265999f,71.672729,71.672729,71.672729,
52.865997f,71.672729,71.672729,71.672729,
52.866669f,71.672729,71.672729,71.672729,
;
23,
0.000000f,0.000000,0.000000,0.000000,
10.598999f,0.000000,0.000000,0.000000,
10.599998f,0.000000,0.000000,0.000000,
12.299000f,0.000000,0.000000,0.000000,
12.299999f,0.000000,0.000000,0.000000,
13.466000f,0.000000,0.000000,0.000000,
13.466000f,0.000000,0.000000,0.000000,
17.333000f,0.000000,0.000000,0.000000,
17.333000f,0.000000,0.000000,0.000000,
21.432999f,0.000000,0.000000,0.000000,
21.432999f,0.000000,0.000000,0.000000,
25.799004f,0.000000,0.000000,0.000000,
25.800003f,0.000000,0.000000,0.000000,
28.598999f,0.000000,0.000000,0.000000,
28.599998f,0.000000,0.000000,0.000000,
32.999001f,0.000000,0.000000,0.000000,
33.000000f,0.000000,0.000000,0.000000,
40.799004f,0.000000,0.000000,0.000000,
40.800003f,0.000000,0.000000,0.000000,
44.265999f,0.000000,0.000000,0.000000,
44.265999f,0.000000,0.000000,0.000000,
52.865997f,0.000000,0.000000,0.000000,
52.866669f,0.000000,0.000000,0.000000,
;
23,
0.000000f,31.709049,-24.765793,1.980269,31.709049,-24.765793,1.980269,31.709049,-24.765793,1.980269,
10.598999f,31.709049,-24.765793,1.980269,31.709049,-24.765793,1.980269,31.709049,-24.765793,1.980269,
10.599998f,32.058182,-22.620260,2.494746,32.058182,-22.620260,2.494746,32.058182,-22.620260,2.494746,
12.299000f,32.058182,-22.620260,2.494746,32.058182,-22.620260,2.494746,32.058182,-22.620260,2.494746,
12.299999f,31.709049,-24.765793,1.980269,31.709049,-24.765793,1.980269,31.709049,-24.765793,1.980269,
13.466000f,31.709049,-24.765793,1.980269,31.709049,-24.765793,1.980269,31.709049,-24.765793,1.980269,
13.486000f,32.675797,-25.386826,2.078315,32.675797,-25.386826,2.078315,32.675797,-25.386826,2.078315,
17.333000f,32.675797,-25.386826,2.078315,32.675797,-25.386826,2.078315,32.675797,-25.386826,2.078315,
17.353001f,31.709049,-24.765793,1.980269,31.709049,-24.765793,1.980269,31.709049,-24.765793,1.980269,
21.432999f,31.709049,-24.765793,1.980269,31.709049,-24.765793,1.980269,31.709049,-24.765793,1.980269,
21.452999f,30.782890,-24.955742,2.153938,30.782890,-24.955742,2.153938,30.782890,-24.955742,2.153938,
25.799004f,30.782890,-24.955742,2.153938,30.782890,-24.955742,2.153938,30.782890,-24.955742,2.153938,
25.800003f,33.783691,-25.189734,2.352958,33.783691,-25.189734,2.352958,33.783691,-25.189734,2.352958,
28.598999f,33.783691,-25.189734,2.352958,33.783691,-25.189734,2.352958,33.783691,-25.189734,2.352958,
28.599998f,32.935966,-23.668003,3.190488,32.935966,-23.668003,3.190488,32.935966,-23.668003,3.190488,
32.999001f,32.935966,-23.668003,3.190488,32.935966,-23.668003,3.190488,32.935966,-23.668003,3.190488,
33.000000f,31.127476,-19.521969,2.650131,31.127476,-19.521969,2.650131,31.127476,-19.521969,2.650131,
40.799004f,31.127476,-19.521969,2.650131,31.127476,-19.521969,2.650131,31.127476,-19.521969,2.650131,
40.800003f,30.788227,-19.883753,3.191273,30.788227,-19.883753,3.191273,30.788227,-19.883753,3.191273,
44.265999f,30.788227,-19.883753,3.191273,30.788227,-19.883753,3.191273,30.788227,-19.883753,3.191273,
44.285999f,31.127476,-19.521969,2.650131,31.127476,-19.521969,2.650131,31.127476,-19.521969,2.650131,
52.865997f,31.127476,-19.521969,2.650131,31.127476,-19.521969,2.650131,31.127476,-19.521969,2.650131,
52.866669f,31.127476,-19.521969,2.650131,31.127476,-19.521969,2.650131,31.127476,-19.521969,2.650131,
;
579,
0.000000f,30.146507,-25.276360,2.427447,30.146507,-25.276360,2.427447,30.146507,-25.276360,2.427447,
0.033001f,30.146507,-25.275764,2.427447,30.146507,-25.275764,2.427447,30.146507,-25.275764,2.427447,
0.066002f,30.146507,-25.275166,2.427447,30.146507,-25.275166,2.427447,30.146507,-25.275166,2.427447,
0.099998f,30.146507,-25.274570,2.427447,30.146507,-25.274570,2.427447,30.146507,-25.274570,2.427447,
0.132999f,30.146507,-25.273972,2.427447,30.146507,-25.273972,2.427447,30.146507,-25.273972,2.427447,
0.166000f,30.146507,-25.273371,2.427447,30.146507,-25.273371,2.427447,30.146507,-25.273371,2.427447,
0.200001f,30.146507,-25.272774,2.427447,30.146507,-25.272774,2.427447,30.146507,-25.272774,2.427447,
0.233002f,30.146507,-25.272169,2.427447,30.146507,-25.272169,2.427447,30.146507,-25.272169,2.427447,
0.265999f,30.146507,-25.271570,2.427447,30.146507,-25.271570,2.427447,30.146507,-25.271570,2.427447,
0.299999f,30.146507,-25.270966,2.427447,30.146507,-25.270966,2.427447,30.146507,-25.270966,2.427447,
0.333000f,30.146507,-25.270363,2.427447,30.146507,-25.270363,2.427447,30.146507,-25.270363,2.427447,
0.366001f,30.146507,-25.269760,2.427447,30.146507,-25.269760,2.427447,30.146507,-25.269760,2.427447,
0.400002f,30.146507,-25.269156,2.427447,30.146507,-25.269156,2.427447,30.146507,-25.269156,2.427447,
0.432999f,30.146507,-25.268549,2.427447,30.146507,-25.268549,2.427447,30.146507,-25.268549,2.427447,
0.466000f,30.146507,-25.267944,2.427447,30.146507,-25.267944,2.427447,30.146507,-25.267944,2.427447,
0.500000f,30.146507,-25.267336,2.427447,30.146507,-25.267336,2.427447,30.146507,-25.267336,2.427447,
0.533001f,30.146507,-25.266727,2.427447,30.146507,-25.266727,2.427447,30.146507,-25.266727,2.427447,
0.566002f,30.146507,-25.266121,2.427447,30.146507,-25.266121,2.427447,30.146507,-25.266121,2.427447,
0.599998f,30.146507,-25.265511,2.427447,30.146507,-25.265511,2.427447,30.146507,-25.265511,2.427447,
0.632999f,30.146507,-25.264902,2.427447,30.146507,-25.264902,2.427447,30.146507,-25.264902,2.427447,
0.666000f,30.146507,-25.264292,2.427447,30.146507,-25.264292,2.427447,30.146507,-25.264292,2.427447,
0.700001f,30.146507,-25.263681,2.427447,30.146507,-25.263681,2.427447,30.146507,-25.263681,2.427447,
0.733002f,30.146507,-25.263069,2.427447,30.146507,-25.263069,2.427447,30.146507,-25.263069,2.427447,
0.765999f,30.146507,-25.262455,2.427447,30.146507,-25.262455,2.427447,30.146507,-25.262455,2.427447,
0.799999f,30.146507,-25.261843,2.427447,30.146507,-25.261843,2.427447,30.146507,-25.261843,2.427447,
0.833000f,30.146507,-25.261230,2.427447,30.146507,-25.261230,2.427447,30.146507,-25.261230,2.427447,
0.866001f,30.146507,-25.260614,2.427447,30.146507,-25.260614,2.427447,30.146507,-25.260614,2.427447,
0.900002f,30.146507,-25.260000,2.427447,30.146507,-25.260000,2.427447,30.146507,-25.260000,2.427447,
0.932999f,30.146507,-25.259386,2.427447,30.146507,-25.259386,2.427447,30.146507,-25.259386,2.427447,
0.966000f,30.146507,-25.258768,2.427447,30.146507,-25.258768,2.427447,30.146507,-25.258768,2.427447,
1.000000f,30.146507,-25.258154,2.427447,30.146507,-25.258154,2.427447,30.146507,-25.258154,2.427447,
1.033001f,30.146507,-25.257536,2.427447,30.146507,-25.257536,2.427447,30.146507,-25.257536,2.427447,
1.066002f,30.146507,-25.256918,2.427447,30.146507,-25.256918,2.427447,30.146507,-25.256918,2.427447,
1.099998f,30.146507,-25.256300,2.427447,30.146507,-25.256300,2.427447,30.146507,-25.256300,2.427447,
1.132999f,30.146507,-25.255684,2.427447,30.146507,-25.255684,2.427447,30.146507,-25.255684,2.427447,
1.166000f,30.146507,-25.255066,2.427447,30.146507,-25.255066,2.427447,30.146507,-25.255066,2.427447,
1.200001f,30.146507,-25.254446,2.427447,30.146507,-25.254446,2.427447,30.146507,-25.254446,2.427447,
1.233002f,30.146507,-25.253824,2.427447,30.146507,-25.253824,2.427447,30.146507,-25.253824,2.427447,
1.265999f,30.146507,-25.253208,2.427447,30.146507,-25.253208,2.427447,30.146507,-25.253208,2.427447,
1.299999f,30.146505,-25.252588,2.427447,30.146505,-25.252588,2.427447,30.146505,-25.252588,2.427447,
1.333000f,30.146507,-25.251965,2.427447,30.146507,-25.251965,2.427447,30.146507,-25.251965,2.427447,
1.366001f,30.146507,-25.251345,2.427447,30.146507,-25.251345,2.427447,30.146507,-25.251345,2.427447,
1.400002f,30.146507,-25.250725,2.427447,30.146507,-25.250725,2.427447,30.146507,-25.250725,2.427447,
1.432999f,30.146507,-25.250101,2.427447,30.146507,-25.250101,2.427447,30.146507,-25.250101,2.427447,
1.466000f,30.146507,-25.249479,2.427447,30.146507,-25.249479,2.427447,30.146507,-25.249479,2.427447,
1.500000f,30.146507,-25.248857,2.427447,30.146507,-25.248857,2.427447,30.146507,-25.248857,2.427447,
1.533001f,30.146507,-25.248234,2.427447,30.146507,-25.248234,2.427447,30.146507,-25.248234,2.427447,
1.566002f,30.146507,-25.247612,2.427447,30.146507,-25.247612,2.427447,30.146507,-25.247612,2.427447,
1.599998f,30.146507,-25.246988,2.427447,30.146507,-25.246988,2.427447,30.146507,-25.246988,2.427447,
1.632999f,30.146507,-25.246367,2.427447,30.146507,-25.246367,2.427447,30.146507,-25.246367,2.427447,
1.666000f,30.146507,-25.245741,2.427447,30.146507,-25.245741,2.427447,30.146507,-25.245741,2.427447,
1.700001f,30.146507,-25.245119,2.427447,30.146507,-25.245119,2.427447,30.146507,-25.245119,2.427447,
1.733002f,30.146507,-25.244493,2.427447,30.146507,-25.244493,2.427447,30.146507,-25.244493,2.427447,
1.765999f,30.146507,-25.243872,2.427447,30.146507,-25.243872,2.427447,30.146507,-25.243872,2.427447,
1.799999f,30.146507,-25.243246,2.427447,30.146507,-25.243246,2.427447,30.146507,-25.243246,2.427447,
1.833000f,30.146507,-25.242622,2.427447,30.146507,-25.242622,2.427447,30.146507,-25.242622,2.427447,
1.866001f,30.146507,-25.241997,2.427447,30.146507,-25.241997,2.427447,30.146507,-25.241997,2.427447,
1.900002f,30.146507,-25.241371,2.427447,30.146507,-25.241371,2.427447,30.146507,-25.241371,2.427447,
1.932999f,30.146507,-25.240747,2.427447,30.146507,-25.240747,2.427447,30.146507,-25.240747,2.427447,
1.966000f,30.146507,-25.240122,2.427447,30.146507,-25.240122,2.427447,30.146507,-25.240122,2.427447,
2.000000f,30.146507,-25.239496,2.427447,30.146507,-25.239496,2.427447,30.146507,-25.239496,2.427447,
2.033001f,30.146507,-25.238871,2.427447,30.146507,-25.238871,2.427447,30.146507,-25.238871,2.427447,
2.066002f,30.146507,-25.238247,2.427447,30.146507,-25.238247,2.427447,30.146507,-25.238247,2.427447,
2.099998f,30.146507,-25.237621,2.427447,30.146507,-25.237621,2.427447,30.146507,-25.237621,2.427447,
2.132999f,30.146507,-25.236996,2.427447,30.146507,-25.236996,2.427447,30.146507,-25.236996,2.427447,
2.166000f,30.146507,-25.236372,2.427447,30.146507,-25.236372,2.427447,30.146507,-25.236372,2.427447,
2.200001f,30.146507,-25.235746,2.427447,30.146507,-25.235746,2.427447,30.146507,-25.235746,2.427447,
2.233002f,30.146507,-25.235121,2.427447,30.146507,-25.235121,2.427447,30.146507,-25.235121,2.427447,
2.265999f,30.146507,-25.234497,2.427447,30.146507,-25.234497,2.427447,30.146507,-25.234497,2.427447,
2.299999f,30.146507,-25.233871,2.427447,30.146507,-25.233871,2.427447,30.146507,-25.233871,2.427447,
2.333000f,30.146507,-25.233246,2.427447,30.146507,-25.233246,2.427447,30.146507,-25.233246,2.427447,
2.366001f,30.146507,-25.232622,2.427447,30.146507,-25.232622,2.427447,30.146507,-25.232622,2.427447,
2.400002f,30.146507,-25.231997,2.427447,30.146507,-25.231997,2.427447,30.146507,-25.231997,2.427447,
2.432999f,30.146507,-25.231371,2.427447,30.146507,-25.231371,2.427447,30.146507,-25.231371,2.427447,
2.466000f,30.146507,-25.230747,2.427447,30.146507,-25.230747,2.427447,30.146507,-25.230747,2.427447,
2.500000f,30.146507,-25.230122,2.427447,30.146507,-25.230122,2.427447,30.146507,-25.230122,2.427447,
2.533001f,30.146507,-25.229496,2.427447,30.146507,-25.229496,2.427447,30.146507,-25.229496,2.427447,
2.566002f,30.146507,-25.228872,2.427447,30.146507,-25.228872,2.427447,30.146507,-25.228872,2.427447,
2.599998f,30.146507,-25.228249,2.427447,30.146507,-25.228249,2.427447,30.146507,-25.228249,2.427447,
2.632999f,30.146507,-25.227625,2.427447,30.146507,-25.227625,2.427447,30.146507,-25.227625,2.427447,
2.666000f,30.146507,-25.227001,2.427447,30.146507,-25.227001,2.427447,30.146507,-25.227001,2.427447,
2.700001f,30.146507,-25.226379,2.427447,30.146507,-25.226379,2.427447,30.146507,-25.226379,2.427447,
2.733002f,30.146507,-25.225754,2.427447,30.146507,-25.225754,2.427447,30.146507,-25.225754,2.427447,
2.765999f,30.146507,-25.225132,2.427447,30.146507,-25.225132,2.427447,30.146507,-25.225132,2.427447,
2.799999f,30.146507,-25.224508,2.427447,30.146507,-25.224508,2.427447,30.146507,-25.224508,2.427447,
2.833000f,30.146507,-25.223886,2.427447,30.146507,-25.223886,2.427447,30.146507,-25.223886,2.427447,
2.866001f,30.146507,-25.223263,2.427447,30.146507,-25.223263,2.427447,30.146507,-25.223263,2.427447,
2.900002f,30.146507,-25.222641,2.427447,30.146507,-25.222641,2.427447,30.146507,-25.222641,2.427447,
2.932999f,30.146507,-25.222021,2.427447,30.146507,-25.222021,2.427447,30.146507,-25.222021,2.427447,
2.966000f,30.146507,-25.221399,2.427447,30.146507,-25.221399,2.427447,30.146507,-25.221399,2.427447,
3.000000f,30.146507,-25.220778,2.427447,30.146507,-25.220778,2.427447,30.146507,-25.220778,2.427447,
3.033001f,30.146507,-25.220158,2.427447,30.146507,-25.220158,2.427447,30.146507,-25.220158,2.427447,
3.066002f,30.146507,-25.219538,2.427447,30.146507,-25.219538,2.427447,30.146507,-25.219538,2.427447,
3.099998f,30.146507,-25.218918,2.427447,30.146507,-25.218918,2.427447,30.146507,-25.218918,2.427447,
3.132999f,30.146507,-25.218298,2.427447,30.146507,-25.218298,2.427447,30.146507,-25.218298,2.427447,
3.166000f,30.146507,-25.217678,2.427447,30.146507,-25.217678,2.427447,30.146507,-25.217678,2.427447,
3.200001f,30.146507,-25.217060,2.427447,30.146507,-25.217060,2.427447,30.146507,-25.217060,2.427447,
3.233002f,30.146507,-25.216442,2.427447,30.146507,-25.216442,2.427447,30.146507,-25.216442,2.427447,
3.265999f,30.146507,-25.215824,2.427447,30.146507,-25.215824,2.427447,30.146507,-25.215824,2.427447,
3.299999f,30.146507,-25.215206,2.427447,30.146507,-25.215206,2.427447,30.146507,-25.215206,2.427447,
3.333000f,30.146507,-25.214592,2.427447,30.146507,-25.214592,2.427447,30.146507,-25.214592,2.427447,
3.366001f,30.146507,-25.213974,2.427447,30.146507,-25.213974,2.427447,30.146507,-25.213974,2.427447,
3.400002f,30.146507,-25.213358,2.427447,30.146507,-25.213358,2.427447,30.146507,-25.213358,2.427447,
3.432999f,30.146507,-25.212744,2.427447,30.146507,-25.212744,2.427447,30.146507,-25.212744,2.427447,
3.466000f,30.146507,-25.212128,2.427447,30.146507,-25.212128,2.427447,30.146507,-25.212128,2.427447,
3.500000f,30.146507,-25.211515,2.427447,30.146507,-25.211515,2.427447,30.146507,-25.211515,2.427447,
3.533001f,30.146507,-25.210903,2.427447,30.146507,-25.210903,2.427447,30.146507,-25.210903,2.427447,
3.566002f,30.146507,-25.210291,2.427447,30.146507,-25.210291,2.427447,30.146507,-25.210291,2.427447,
3.599998f,30.146507,-25.209677,2.427447,30.146507,-25.209677,2.427447,30.146507,-25.209677,2.427447,
3.632999f,30.146507,-25.209064,2.427447,30.146507,-25.209064,2.427447,30.146507,-25.209064,2.427447,
3.666000f,30.146507,-25.208454,2.427447,30.146507,-25.208454,2.427447,30.146507,-25.208454,2.427447,
3.700001f,30.146507,-25.207844,2.427447,30.146507,-25.207844,2.427447,30.146507,-25.207844,2.427447,
3.733002f,30.146507,-25.207233,2.427447,30.146507,-25.207233,2.427447,30.146507,-25.207233,2.427447,
3.765999f,30.146507,-25.206625,2.427447,30.146507,-25.206625,2.427447,30.146507,-25.206625,2.427447,
3.799999f,30.146507,-25.206018,2.427447,30.146507,-25.206018,2.427447,30.146507,-25.206018,2.427447,
3.833000f,30.146507,-25.205410,2.427447,30.146507,-25.205410,2.427447,30.146507,-25.205410,2.427447,
3.866001f,30.146507,-25.204802,2.427447,30.146507,-25.204802,2.427447,30.146507,-25.204802,2.427447,
3.900002f,30.146507,-25.204197,2.427447,30.146507,-25.204197,2.427447,30.146507,-25.204197,2.427447,
3.932999f,30.146507,-25.203590,2.427447,30.146507,-25.203590,2.427447,30.146507,-25.203590,2.427447,
3.966000f,30.146507,-25.202986,2.427447,30.146507,-25.202986,2.427447,30.146507,-25.202986,2.427447,
4.000000f,30.146507,-25.202383,2.427447,30.146507,-25.202383,2.427447,30.146507,-25.202383,2.427447,
4.033001f,30.146507,-25.201778,2.427447,30.146507,-25.201778,2.427447,30.146507,-25.201778,2.427447,
4.066002f,30.146507,-25.201176,2.427447,30.146507,-25.201176,2.427447,30.146507,-25.201176,2.427447,
4.099998f,30.146507,-25.200575,2.427447,30.146507,-25.200575,2.427447,30.146507,-25.200575,2.427447,
4.132999f,30.146507,-25.199976,2.427447,30.146507,-25.199976,2.427447,30.146507,-25.199976,2.427447,
4.166000f,30.146507,-25.199375,2.427447,30.146507,-25.199375,2.427447,30.146507,-25.199375,2.427447,
4.200001f,30.146507,-25.198776,2.427447,30.146507,-25.198776,2.427447,30.146507,-25.198776,2.427447,
4.233002f,30.146507,-25.198177,2.427447,30.146507,-25.198177,2.427447,30.146507,-25.198177,2.427447,
4.265999f,30.146507,-25.197580,2.427447,30.146507,-25.197580,2.427447,30.146507,-25.197580,2.427447,
4.299999f,30.146507,-25.196985,2.427447,30.146507,-25.196985,2.427447,30.146507,-25.196985,2.427447,
4.333000f,30.146507,-25.196388,2.427447,30.146507,-25.196388,2.427447,30.146507,-25.196388,2.427447,
4.366001f,30.146507,-25.195793,2.427447,30.146507,-25.195793,2.427447,30.146507,-25.195793,2.427447,
4.400002f,30.146507,-25.195200,2.427447,30.146507,-25.195200,2.427447,30.146507,-25.195200,2.427447,
4.432999f,30.146507,-25.194609,2.427447,30.146507,-25.194609,2.427447,30.146507,-25.194609,2.427447,
4.466000f,30.146507,-25.194017,2.427447,30.146507,-25.194017,2.427447,30.146507,-25.194017,2.427447,
4.500000f,30.146507,-25.193424,2.427447,30.146507,-25.193424,2.427447,30.146507,-25.193424,2.427447,
4.533001f,30.146507,-25.192837,2.427447,30.146507,-25.192837,2.427447,30.146507,-25.192837,2.427447,
4.566002f,30.146507,-25.192247,2.427447,30.146507,-25.192247,2.427447,30.146507,-25.192247,2.427447,
4.599998f,30.146507,-25.191660,2.427447,30.146507,-25.191660,2.427447,30.146507,-25.191660,2.427447,
4.632999f,30.146507,-25.191074,2.427447,30.146507,-25.191074,2.427447,30.146507,-25.191074,2.427447,
4.666000f,30.146507,-25.190487,2.427447,30.146507,-25.190487,2.427447,30.146507,-25.190487,2.427447,
4.700001f,30.146507,-25.189905,2.427447,30.146507,-25.189905,2.427447,30.146507,-25.189905,2.427447,
4.733002f,30.146507,-25.189322,2.427447,30.146507,-25.189322,2.427447,30.146507,-25.189322,2.427447,
4.765999f,30.146507,-25.188740,2.427447,30.146507,-25.188740,2.427447,30.146507,-25.188740,2.427447,
4.799999f,30.146507,-25.188158,2.427447,30.146507,-25.188158,2.427447,30.146507,-25.188158,2.427447,
4.833000f,30.146507,-25.187578,2.427447,30.146507,-25.187578,2.427447,30.146507,-25.187578,2.427447,
4.866001f,30.146507,-25.186998,2.427447,30.146507,-25.186998,2.427447,30.146507,-25.186998,2.427447,
4.900002f,30.146507,-25.186422,2.427447,30.146507,-25.186422,2.427447,30.146507,-25.186422,2.427447,
4.932999f,30.146507,-25.185844,2.427447,30.146507,-25.185844,2.427447,30.146507,-25.185844,2.427447,
4.966000f,30.146507,-25.185270,2.427447,30.146507,-25.185270,2.427447,30.146507,-25.185270,2.427447,
5.000000f,30.146507,-25.184696,2.427447,30.146507,-25.184696,2.427447,30.146507,-25.184696,2.427447,
5.033001f,30.146507,-25.184122,2.427447,30.146507,-25.184122,2.427447,30.146507,-25.184122,2.427447,
5.066002f,30.146507,-25.183552,2.427447,30.146507,-25.183552,2.427447,30.146507,-25.183552,2.427447,
5.099998f,30.146507,-25.182983,2.427447,30.146507,-25.182983,2.427447,30.146507,-25.182983,2.427447,
5.132999f,30.146507,-25.182411,2.427447,30.146507,-25.182411,2.427447,30.146507,-25.182411,2.427447,
5.166000f,30.146507,-25.181845,2.427447,30.146507,-25.181845,2.427447,30.146507,-25.181845,2.427447,
5.200001f,30.146507,-25.181278,2.427447,30.146507,-25.181278,2.427447,30.146507,-25.181278,2.427447,
5.233002f,30.146507,-25.180712,2.427447,30.146507,-25.180712,2.427447,30.146507,-25.180712,2.427447,
5.265999f,30.146507,-25.180149,2.427447,30.146507,-25.180149,2.427447,30.146507,-25.180149,2.427447,
5.299999f,30.146507,-25.179586,2.427447,30.146507,-25.179586,2.427447,30.146507,-25.179586,2.427447,
5.333000f,30.146507,-25.179026,2.427447,30.146507,-25.179026,2.427447,30.146507,-25.179026,2.427447,
5.366001f,30.146507,-25.178467,2.427447,30.146507,-25.178467,2.427447,30.146507,-25.178467,2.427447,
5.400002f,30.146507,-25.177908,2.427447,30.146507,-25.177908,2.427447,30.146507,-25.177908,2.427447,
5.432999f,30.146507,-25.177351,2.427447,30.146507,-25.177351,2.427447,30.146507,-25.177351,2.427447,
5.466000f,30.146507,-25.176794,2.427447,30.146507,-25.176794,2.427447,30.146507,-25.176794,2.427447,
5.500000f,30.146507,-25.176239,2.427447,30.146507,-25.176239,2.427447,30.146507,-25.176239,2.427447,
5.533001f,30.146507,-25.175688,2.427447,30.146507,-25.175688,2.427447,30.146507,-25.175688,2.427447,
5.566002f,30.146507,-25.175137,2.427447,30.146507,-25.175137,2.427447,30.146507,-25.175137,2.427447,
5.599998f,30.146507,-25.174587,2.427447,30.146507,-25.174587,2.427447,30.146507,-25.174587,2.427447,
5.632999f,30.146507,-25.174038,2.427447,30.146507,-25.174038,2.427447,30.146507,-25.174038,2.427447,
5.666000f,30.146507,-25.173491,2.427447,30.146507,-25.173491,2.427447,30.146507,-25.173491,2.427447,
5.700001f,30.146507,-25.172947,2.427447,30.146507,-25.172947,2.427447,30.146507,-25.172947,2.427447,
5.733002f,30.146507,-25.172401,2.427447,30.146507,-25.172401,2.427447,30.146507,-25.172401,2.427447,
5.765999f,30.146507,-25.171860,2.427447,30.146507,-25.171860,2.427447,30.146507,-25.171860,2.427447,
5.799999f,30.146507,-25.171320,2.427447,30.146507,-25.171320,2.427447,30.146507,-25.171320,2.427447,
5.833000f,30.146507,-25.170780,2.427447,30.146507,-25.170780,2.427447,30.146507,-25.170780,2.427447,
5.866001f,30.146507,-25.170244,2.427447,30.146507,-25.170244,2.427447,30.146507,-25.170244,2.427447,
5.900002f,30.146507,-25.169706,2.427447,30.146507,-25.169706,2.427447,30.146507,-25.169706,2.427447,
5.932999f,30.146507,-25.169172,2.427447,30.146507,-25.169172,2.427447,30.146507,-25.169172,2.427447,
5.966000f,30.146507,-25.168640,2.427447,30.146507,-25.168640,2.427447,30.146507,-25.168640,2.427447,
6.000000f,30.146507,-25.168108,2.427447,30.146507,-25.168108,2.427447,30.146507,-25.168108,2.427447,
6.033001f,30.146507,-25.167578,2.427447,30.146507,-25.167578,2.427447,30.146507,-25.167578,2.427447,
6.066002f,30.146507,-25.167049,2.427447,30.146507,-25.167049,2.427447,30.146507,-25.167049,2.427447,
6.099998f,30.146507,-25.166525,2.427447,30.146507,-25.166525,2.427447,30.146507,-25.166525,2.427447,
6.132999f,30.146507,-25.166000,2.427447,30.146507,-25.166000,2.427447,30.146507,-25.166000,2.427447,
6.166000f,30.146507,-25.165478,2.427447,30.146507,-25.165478,2.427447,30.146507,-25.165478,2.427447,
6.200001f,30.146507,-25.164955,2.427447,30.146507,-25.164955,2.427447,30.146507,-25.164955,2.427447,
6.233002f,30.146507,-25.164438,2.427447,30.146507,-25.164438,2.427447,30.146507,-25.164438,2.427447,
6.265999f,30.146507,-25.163919,2.427447,30.146507,-25.163919,2.427447,30.146507,-25.163919,2.427447,
6.299999f,30.146507,-25.163403,2.427447,30.146507,-25.163403,2.427447,30.146507,-25.163403,2.427447,
6.333000f,30.146507,-25.162889,2.427447,30.146507,-25.162889,2.427447,30.146507,-25.162889,2.427447,
6.366001f,30.146507,-25.162378,2.427447,30.146507,-25.162378,2.427447,30.146507,-25.162378,2.427447,
6.400002f,30.146507,-25.161867,2.427447,30.146507,-25.161867,2.427447,30.146507,-25.161867,2.427447,
6.432999f,30.146507,-25.161356,2.427447,30.146507,-25.161356,2.427447,30.146507,-25.161356,2.427447,
6.466000f,30.146507,-25.160852,2.427447,30.146507,-25.160852,2.427447,30.146507,-25.160852,2.427447,
6.500000f,30.146507,-25.160347,2.427447,30.146507,-25.160347,2.427447,30.146507,-25.160347,2.427447,
6.533001f,30.146507,-25.159843,2.427447,30.146507,-25.159843,2.427447,30.146507,-25.159843,2.427447,
6.566002f,30.146507,-25.159342,2.427447,30.146507,-25.159342,2.427447,30.146507,-25.159342,2.427447,
6.599998f,30.146507,-25.158842,2.427447,30.146507,-25.158842,2.427447,30.146507,-25.158842,2.427447,
6.632999f,30.146507,-25.158346,2.427447,30.146507,-25.158346,2.427447,30.146507,-25.158346,2.427447,
6.666000f,30.146507,-25.157850,2.427447,30.146507,-25.157850,2.427447,30.146507,-25.157850,2.427447,
6.700001f,30.146507,-25.157356,2.427447,30.146507,-25.157356,2.427447,30.146507,-25.157356,2.427447,
6.733002f,30.146507,-25.156864,2.427447,30.146507,-25.156864,2.427447,30.146507,-25.156864,2.427447,
6.765999f,30.146507,-25.156376,2.427447,30.146507,-25.156376,2.427447,30.146507,-25.156376,2.427447,
6.799999f,30.146507,-25.155888,2.427447,30.146507,-25.155888,2.427447,30.146507,-25.155888,2.427447,
6.833000f,30.146507,-25.155403,2.427447,30.146507,-25.155403,2.427447,30.146507,-25.155403,2.427447,
6.866001f,30.146507,-25.154919,2.427447,30.146507,-25.154919,2.427447,30.146507,-25.154919,2.427447,
6.900002f,30.146507,-25.154438,2.427447,30.146507,-25.154438,2.427447,30.146507,-25.154438,2.427447,
6.932999f,30.146507,-25.153957,2.427447,30.146507,-25.153957,2.427447,30.146507,-25.153957,2.427447,
6.966000f,30.146507,-25.153481,2.427447,30.146507,-25.153481,2.427447,30.146507,-25.153481,2.427447,
7.000000f,30.146507,-25.153006,2.427447,30.146507,-25.153006,2.427447,30.146507,-25.153006,2.427447,
7.033001f,30.146507,-25.152531,2.427447,30.146507,-25.152531,2.427447,30.146507,-25.152531,2.427447,
7.066002f,30.146507,-25.152060,2.427447,30.146507,-25.152060,2.427447,30.146507,-25.152060,2.427447,
7.099998f,30.146507,-25.151590,2.427447,30.146507,-25.151590,2.427447,30.146507,-25.151590,2.427447,
7.132999f,30.146507,-25.151125,2.427447,30.146507,-25.151125,2.427447,30.146507,-25.151125,2.427447,
7.166000f,30.146507,-25.150660,2.427447,30.146507,-25.150660,2.427447,30.146507,-25.150660,2.427447,
7.200001f,30.146507,-25.150198,2.427447,30.146507,-25.150198,2.427447,30.146507,-25.150198,2.427447,
7.233002f,30.146507,-25.149736,2.427447,30.146507,-25.149736,2.427447,30.146507,-25.149736,2.427447,
7.265999f,30.146507,-25.149277,2.427447,30.146507,-25.149277,2.427447,30.146507,-25.149277,2.427447,
7.299999f,30.146507,-25.148821,2.427447,30.146507,-25.148821,2.427447,30.146507,-25.148821,2.427447,
7.333000f,30.146507,-25.148367,2.427447,30.146507,-25.148367,2.427447,30.146507,-25.148367,2.427447,
7.366001f,30.146507,-25.147915,2.427447,30.146507,-25.147915,2.427447,30.146507,-25.147915,2.427447,
7.400002f,30.146507,-25.147465,2.427447,30.146507,-25.147465,2.427447,30.146507,-25.147465,2.427447,
7.432999f,30.146507,-25.147018,2.427447,30.146507,-25.147018,2.427447,30.146507,-25.147018,2.427447,
7.466000f,30.146507,-25.146574,2.427447,30.146507,-25.146574,2.427447,30.146507,-25.146574,2.427447,
7.500000f,30.146507,-25.146132,2.427447,30.146507,-25.146132,2.427447,30.146507,-25.146132,2.427447,
7.533001f,30.146507,-25.145691,2.427447,30.146507,-25.145691,2.427447,30.146507,-25.145691,2.427447,
7.566002f,30.146507,-25.145250,2.427447,30.146507,-25.145250,2.427447,30.146507,-25.145250,2.427447,
7.599998f,30.146507,-25.144815,2.427447,30.146507,-25.144815,2.427447,30.146507,-25.144815,2.427447,
7.632999f,30.146507,-25.144382,2.427447,30.146507,-25.144382,2.427447,30.146507,-25.144382,2.427447,
7.666000f,30.146507,-25.143951,2.427447,30.146507,-25.143951,2.427447,30.146507,-25.143951,2.427447,
7.700001f,30.146507,-25.143522,2.427447,30.146507,-25.143522,2.427447,30.146507,-25.143522,2.427447,
7.733002f,30.146507,-25.143097,2.427447,30.146507,-25.143097,2.427447,30.146507,-25.143097,2.427447,
7.765999f,30.146507,-25.142673,2.427447,30.146507,-25.142673,2.427447,30.146507,-25.142673,2.427447,
7.799999f,30.146507,-25.142250,2.427447,30.146507,-25.142250,2.427447,30.146507,-25.142250,2.427447,
7.833000f,30.146507,-25.141832,2.427447,30.146507,-25.141832,2.427447,30.146507,-25.141832,2.427447,
7.866001f,30.146507,-25.141415,2.427447,30.146507,-25.141415,2.427447,30.146507,-25.141415,2.427447,
7.900002f,30.146507,-25.141001,2.427447,30.146507,-25.141001,2.427447,30.146507,-25.141001,2.427447,
7.932999f,30.146507,-25.140591,2.427447,30.146507,-25.140591,2.427447,30.146507,-25.140591,2.427447,
7.966000f,30.146507,-25.140181,2.427447,30.146507,-25.140181,2.427447,30.146507,-25.140181,2.427447,
8.000000f,30.146507,-25.139772,2.427447,30.146507,-25.139772,2.427447,30.146507,-25.139772,2.427447,
8.033001f,30.146507,-25.139370,2.427447,30.146507,-25.139370,2.427447,30.146507,-25.139370,2.427447,
8.066002f,30.146507,-25.138968,2.427447,30.146507,-25.138968,2.427447,30.146507,-25.138968,2.427447,
8.099998f,30.146507,-25.138569,2.427447,30.146507,-25.138569,2.427447,30.146507,-25.138569,2.427447,
8.132999f,30.146507,-25.138170,2.427447,30.146507,-25.138170,2.427447,30.146507,-25.138170,2.427447,
8.166000f,30.146507,-25.137777,2.427447,30.146507,-25.137777,2.427447,30.146507,-25.137777,2.427447,
8.200001f,30.146507,-25.137384,2.427447,30.146507,-25.137384,2.427447,30.146507,-25.137384,2.427447,
8.233002f,30.146507,-25.136997,2.427447,30.146507,-25.136997,2.427447,30.146507,-25.136997,2.427447,
8.265999f,30.146507,-25.136610,2.427447,30.146507,-25.136610,2.427447,30.146507,-25.136610,2.427447,
8.299999f,30.146507,-25.136227,2.427447,30.146507,-25.136227,2.427447,30.146507,-25.136227,2.427447,
8.333000f,30.146507,-25.135847,2.427447,30.146507,-25.135847,2.427447,30.146507,-25.135847,2.427447,
8.366001f,30.146507,-25.135468,2.427447,30.146507,-25.135468,2.427447,30.146507,-25.135468,2.427447,
8.400002f,30.146507,-25.135092,2.427447,30.146507,-25.135092,2.427447,30.146507,-25.135092,2.427447,
8.432999f,30.146507,-25.134718,2.427447,30.146507,-25.134718,2.427447,30.146507,-25.134718,2.427447,
8.466000f,30.146507,-25.134348,2.427447,30.146507,-25.134348,2.427447,30.146507,-25.134348,2.427447,
8.500000f,30.146507,-25.133982,2.427447,30.146507,-25.133982,2.427447,30.146507,-25.133982,2.427447,
8.533001f,30.146507,-25.133615,2.427447,30.146507,-25.133615,2.427447,30.146507,-25.133615,2.427447,
8.566002f,30.146507,-25.133253,2.427447,30.146507,-25.133253,2.427447,30.146507,-25.133253,2.427447,
8.599998f,30.146507,-25.132893,2.427447,30.146507,-25.132893,2.427447,30.146507,-25.132893,2.427447,
8.632999f,30.146507,-25.132536,2.427447,30.146507,-25.132536,2.427447,30.146507,-25.132536,2.427447,
8.666000f,30.146507,-25.132181,2.427447,30.146507,-25.132181,2.427447,30.146507,-25.132181,2.427447,
8.700001f,30.146507,-25.131832,2.427447,30.146507,-25.131832,2.427447,30.146507,-25.131832,2.427447,
8.733002f,30.146507,-25.131483,2.427447,30.146507,-25.131483,2.427447,30.146507,-25.131483,2.427447,
8.765999f,30.146507,-25.131140,2.427447,30.146507,-25.131140,2.427447,30.146507,-25.131140,2.427447,
8.799999f,30.146507,-25.130795,2.427447,30.146507,-25.130795,2.427447,30.146507,-25.130795,2.427447,
8.833000f,30.146507,-25.130457,2.427447,30.146507,-25.130457,2.427447,30.146507,-25.130457,2.427447,
8.866001f,30.146507,-25.130119,2.427447,30.146507,-25.130119,2.427447,30.146507,-25.130119,2.427447,
8.900002f,30.146507,-25.129786,2.427447,30.146507,-25.129786,2.427447,30.146507,-25.129786,2.427447,
8.932999f,30.146507,-25.129456,2.427447,30.146507,-25.129456,2.427447,30.146507,-25.129456,2.427447,
8.966000f,30.146507,-25.129126,2.427447,30.146507,-25.129126,2.427447,30.146507,-25.129126,2.427447,
9.000000f,30.146507,-25.128801,2.427447,30.146507,-25.128801,2.427447,30.146507,-25.128801,2.427447,
9.033001f,30.146507,-25.128479,2.427447,30.146507,-25.128479,2.427447,30.146507,-25.128479,2.427447,
9.066002f,30.146507,-25.128159,2.427447,30.146507,-25.128159,2.427447,30.146507,-25.128159,2.427447,
9.099998f,30.146507,-25.127844,2.427447,30.146507,-25.127844,2.427447,30.146507,-25.127844,2.427447,
9.132999f,30.146507,-25.127529,2.427447,30.146507,-25.127529,2.427447,30.146507,-25.127529,2.427447,
9.166000f,30.146507,-25.127218,2.427447,30.146507,-25.127218,2.427447,30.146507,-25.127218,2.427447,
9.200001f,30.146507,-25.126911,2.427447,30.146507,-25.126911,2.427447,30.146507,-25.126911,2.427447,
9.233002f,30.146507,-25.126608,2.427447,30.146507,-25.126608,2.427447,30.146507,-25.126608,2.427447,
9.265999f,30.146507,-25.126307,2.427447,30.146507,-25.126307,2.427447,30.146507,-25.126307,2.427447,
9.299999f,30.146507,-25.126007,2.427447,30.146507,-25.126007,2.427447,30.146507,-25.126007,2.427447,
9.333000f,30.146507,-25.125711,2.427447,30.146507,-25.125711,2.427447,30.146507,-25.125711,2.427447,
9.366001f,30.146507,-25.125420,2.427447,30.146507,-25.125420,2.427447,30.146507,-25.125420,2.427447,
9.400002f,30.146507,-25.125132,2.427447,30.146507,-25.125132,2.427447,30.146507,-25.125132,2.427447,
9.432999f,30.146507,-25.124846,2.427447,30.146507,-25.124846,2.427447,30.146507,-25.124846,2.427447,
9.466000f,30.146507,-25.124563,2.427447,30.146507,-25.124563,2.427447,30.146507,-25.124563,2.427447,
9.500000f,30.146507,-25.124281,2.427447,30.146507,-25.124281,2.427447,30.146507,-25.124281,2.427447,
9.533001f,30.146507,-25.124006,2.427447,30.146507,-25.124006,2.427447,30.146507,-25.124006,2.427447,
9.566002f,30.146507,-25.123732,2.427447,30.146507,-25.123732,2.427447,30.146507,-25.123732,2.427447,
9.599998f,30.146507,-25.123465,2.427447,30.146507,-25.123465,2.427447,30.146507,-25.123465,2.427447,
9.632999f,30.146507,-25.123196,2.427447,30.146507,-25.123196,2.427447,30.146507,-25.123196,2.427447,
9.666000f,30.146507,-25.122932,2.427447,30.146507,-25.122932,2.427447,30.146507,-25.122932,2.427447,
9.700001f,30.146507,-25.122671,2.427447,30.146507,-25.122671,2.427447,30.146507,-25.122671,2.427447,
9.733002f,30.146507,-25.122414,2.427447,30.146507,-25.122414,2.427447,30.146507,-25.122414,2.427447,
9.765999f,30.146507,-25.122160,2.427447,30.146507,-25.122160,2.427447,30.146507,-25.122160,2.427447,
9.799999f,30.146507,-25.121908,2.427447,30.146507,-25.121908,2.427447,30.146507,-25.121908,2.427447,
9.833000f,30.146507,-25.121662,2.427447,30.146507,-25.121662,2.427447,30.146507,-25.121662,2.427447,
9.866001f,30.146507,-25.121418,2.427447,30.146507,-25.121418,2.427447,30.146507,-25.121418,2.427447,
9.900002f,30.146507,-25.121176,2.427447,30.146507,-25.121176,2.427447,30.146507,-25.121176,2.427447,
9.932999f,30.146507,-25.120939,2.427447,30.146507,-25.120939,2.427447,30.146507,-25.120939,2.427447,
9.966000f,30.146507,-25.120705,2.427447,30.146507,-25.120705,2.427447,30.146507,-25.120705,2.427447,
10.000000f,30.146507,-25.120474,2.427447,30.146507,-25.120474,2.427447,30.146507,-25.120474,2.427447,
10.033001f,30.146507,-25.120247,2.427447,30.146507,-25.120247,2.427447,30.146507,-25.120247,2.427447,
10.066002f,30.146507,-25.120024,2.427447,30.146507,-25.120024,2.427447,30.146507,-25.120024,2.427447,
10.099998f,30.146507,-25.119802,2.427447,30.146507,-25.119802,2.427447,30.146507,-25.119802,2.427447,
10.132999f,30.146507,-25.119585,2.427447,30.146507,-25.119585,2.427447,30.146507,-25.119585,2.427447,
10.166000f,30.146507,-25.119371,2.427447,30.146507,-25.119371,2.427447,30.146507,-25.119371,2.427447,
10.200001f,30.146507,-25.119160,2.427447,30.146507,-25.119160,2.427447,30.146507,-25.119160,2.427447,
10.233002f,30.146507,-25.118954,2.427447,30.146507,-25.118954,2.427447,30.146507,-25.118954,2.427447,
10.265999f,30.146507,-25.118750,2.427447,30.146507,-25.118750,2.427447,30.146507,-25.118750,2.427447,
10.299999f,30.146507,-25.118549,2.427447,30.146507,-25.118549,2.427447,30.146507,-25.118549,2.427447,
10.333000f,30.146507,-25.118355,2.427447,30.146507,-25.118355,2.427447,30.146507,-25.118355,2.427447,
10.366001f,30.146507,-25.118160,2.427447,30.146507,-25.118160,2.427447,30.146507,-25.118160,2.427447,
10.400002f,30.146507,-25.117971,2.427447,30.146507,-25.117971,2.427447,30.146507,-25.117971,2.427447,
10.432999f,30.146507,-25.117785,2.427447,30.146507,-25.117785,2.427447,30.146507,-25.117785,2.427447,
10.466000f,30.146507,-25.117601,2.427447,30.146507,-25.117601,2.427447,30.146507,-25.117601,2.427447,
10.500000f,30.146507,-25.117424,2.427447,30.146507,-25.117424,2.427447,30.146507,-25.117424,2.427447,
10.533001f,30.146507,-25.117249,2.427447,30.146507,-25.117249,2.427447,30.146507,-25.117249,2.427447,
10.566002f,30.146507,-25.117077,2.427447,30.146507,-25.117077,2.427447,30.146507,-25.117077,2.427447,
10.598999f,30.146507,-25.116909,2.427447,30.146507,-25.116909,2.427447,30.146507,-25.116909,2.427447,
10.599998f,29.671783,-23.806135,2.756323,29.671783,-23.806135,2.756323,29.671783,-23.806135,2.756323,
12.299000f,29.671783,-23.806135,2.756323,29.671783,-23.806135,2.756323,29.671783,-23.806135,2.756323,
12.299999f,30.146507,-25.109838,2.427447,30.146507,-25.109838,2.427447,30.146507,-25.109838,2.427447,
12.333000f,30.146507,-25.109728,2.427447,30.146507,-25.109728,2.427447,30.146507,-25.109728,2.427447,
12.366001f,30.146507,-25.109621,2.427447,30.146507,-25.109621,2.427447,30.146507,-25.109621,2.427447,
12.400002f,30.146505,-25.109514,2.427447,30.146505,-25.109514,2.427447,30.146505,-25.109514,2.427447,
12.432999f,30.146507,-25.109409,2.427447,30.146507,-25.109409,2.427447,30.146507,-25.109409,2.427447,
12.466000f,30.146507,-25.109304,2.427447,30.146507,-25.109304,2.427447,30.146507,-25.109304,2.427447,
12.500000f,30.146507,-25.109201,2.427447,30.146507,-25.109201,2.427447,30.146507,-25.109201,2.427447,
12.533001f,30.146507,-25.109098,2.427447,30.146507,-25.109098,2.427447,30.146507,-25.109098,2.427447,
12.566002f,30.146507,-25.108999,2.427447,30.146507,-25.108999,2.427447,30.146507,-25.108999,2.427447,
12.599998f,30.146507,-25.108898,2.427447,30.146507,-25.108898,2.427447,30.146507,-25.108898,2.427447,
12.632999f,30.146507,-25.108799,2.427447,30.146507,-25.108799,2.427447,30.146507,-25.108799,2.427447,
12.666000f,30.146507,-25.108700,2.427447,30.146507,-25.108700,2.427447,30.146507,-25.108700,2.427447,
12.700001f,30.146505,-25.108606,2.427447,30.146505,-25.108606,2.427447,30.146505,-25.108606,2.427447,
12.733002f,30.146507,-25.108507,2.427447,30.146507,-25.108507,2.427447,30.146507,-25.108507,2.427447,
12.765999f,30.146507,-25.108416,2.427447,30.146507,-25.108416,2.427447,30.146507,-25.108416,2.427447,
12.799999f,30.146507,-25.108320,2.427447,30.146507,-25.108320,2.427447,30.146507,-25.108320,2.427447,
12.833000f,30.146507,-25.108229,2.427447,30.146507,-25.108229,2.427447,30.146507,-25.108229,2.427447,
12.866001f,30.146507,-25.108137,2.427447,30.146507,-25.108137,2.427447,30.146507,-25.108137,2.427447,
12.900002f,30.146507,-25.108046,2.427447,30.146507,-25.108046,2.427447,30.146507,-25.108046,2.427447,
12.932999f,30.146507,-25.107958,2.427447,30.146507,-25.107958,2.427447,30.146507,-25.107958,2.427447,
12.966000f,30.146507,-25.107870,2.427447,30.146507,-25.107870,2.427447,30.146507,-25.107870,2.427447,
13.000000f,30.146507,-25.107782,2.427447,30.146507,-25.107782,2.427447,30.146507,-25.107782,2.427447,
13.033001f,30.146507,-25.107697,2.427447,30.146507,-25.107697,2.427447,30.146507,-25.107697,2.427447,
13.066002f,30.146507,-25.107615,2.427447,30.146507,-25.107615,2.427447,30.146507,-25.107615,2.427447,
13.099998f,30.146507,-25.107529,2.427447,30.146507,-25.107529,2.427447,30.146507,-25.107529,2.427447,
13.132999f,30.146507,-25.107449,2.427447,30.146507,-25.107449,2.427447,30.146507,-25.107449,2.427447,
13.166000f,30.146507,-25.107365,2.427447,30.146507,-25.107365,2.427447,30.146507,-25.107365,2.427447,
13.200001f,30.146507,-25.107285,2.427447,30.146507,-25.107285,2.427447,30.146507,-25.107285,2.427447,
13.233002f,30.146507,-25.107206,2.427447,30.146507,-25.107206,2.427447,30.146507,-25.107206,2.427447,
13.265999f,30.146507,-25.107128,2.427447,30.146507,-25.107128,2.427447,30.146507,-25.107128,2.427447,
13.299999f,30.146507,-25.107050,2.427447,30.146507,-25.107050,2.427447,30.146507,-25.107050,2.427447,
13.333000f,30.146507,-25.106974,2.427447,30.146507,-25.106974,2.427447,30.146507,-25.106974,2.427447,
13.366001f,30.146507,-25.106899,2.427447,30.146507,-25.106899,2.427447,30.146507,-25.106899,2.427447,
13.400002f,30.146505,-25.106825,2.427447,30.146505,-25.106825,2.427447,30.146505,-25.106825,2.427447,
13.432999f,30.146507,-25.106752,2.427447,30.146507,-25.106752,2.427447,30.146507,-25.106752,2.427447,
13.466000f,30.146507,-25.106680,2.427447,30.146507,-25.106680,2.427447,30.146507,-25.106680,2.427447,
13.486000f,31.338398,-27.388676,2.466630,31.338398,-27.388676,2.466630,31.338398,-27.388676,2.466630,
17.333000f,31.338398,-27.388676,2.466630,31.338398,-27.388676,2.466630,31.338398,-27.388676,2.466630,
17.353001f,30.146507,-25.105076,2.427447,30.146507,-25.105076,2.427447,30.146507,-25.105076,2.427447,
17.366001f,30.146507,-25.105116,2.427447,30.146507,-25.105116,2.427447,30.146507,-25.105116,2.427447,
17.400002f,30.146507,-25.105158,2.427447,30.146507,-25.105158,2.427447,30.146507,-25.105158,2.427447,
17.432999f,30.146507,-25.105200,2.427447,30.146507,-25.105200,2.427447,30.146507,-25.105200,2.427447,
17.466000f,30.146507,-25.105242,2.427447,30.146507,-25.105242,2.427447,30.146507,-25.105242,2.427447,
17.500000f,30.146507,-25.105286,2.427447,30.146507,-25.105286,2.427447,30.146507,-25.105286,2.427447,
17.533001f,30.146507,-25.105331,2.427447,30.146507,-25.105331,2.427447,30.146507,-25.105331,2.427447,
17.566002f,30.146507,-25.105375,2.427447,30.146507,-25.105375,2.427447,30.146507,-25.105375,2.427447,
17.599998f,30.146507,-25.105421,2.427447,30.146507,-25.105421,2.427447,30.146507,-25.105421,2.427447,
17.632999f,30.146507,-25.105471,2.427447,30.146507,-25.105471,2.427447,30.146507,-25.105471,2.427447,
17.666000f,30.146507,-25.105516,2.427447,30.146507,-25.105516,2.427447,30.146507,-25.105516,2.427447,
17.700001f,30.146507,-25.105566,2.427447,30.146507,-25.105566,2.427447,30.146507,-25.105566,2.427447,
17.733002f,30.146507,-25.105618,2.427447,30.146507,-25.105618,2.427447,30.146507,-25.105618,2.427447,
17.765999f,30.146507,-25.105665,2.427447,30.146507,-25.105665,2.427447,30.146507,-25.105665,2.427447,
17.799999f,30.146507,-25.105717,2.427447,30.146507,-25.105717,2.427447,30.146507,-25.105717,2.427447,
17.833000f,30.146507,-25.105770,2.427447,30.146507,-25.105770,2.427447,30.146507,-25.105770,2.427447,
17.866001f,30.146507,-25.105825,2.427447,30.146507,-25.105825,2.427447,30.146507,-25.105825,2.427447,
17.900002f,30.146507,-25.105879,2.427447,30.146507,-25.105879,2.427447,30.146507,-25.105879,2.427447,
17.932999f,30.146507,-25.105932,2.427447,30.146507,-25.105932,2.427447,30.146507,-25.105932,2.427447,
17.966000f,30.146507,-25.105988,2.427447,30.146507,-25.105988,2.427447,30.146507,-25.105988,2.427447,
18.000000f,30.146507,-25.106045,2.427447,30.146507,-25.106045,2.427447,30.146507,-25.106045,2.427447,
18.033001f,30.146507,-25.106104,2.427447,30.146507,-25.106104,2.427447,30.146507,-25.106104,2.427447,
18.066002f,30.146507,-25.106159,2.427447,30.146507,-25.106159,2.427447,30.146507,-25.106159,2.427447,
18.099998f,30.146507,-25.106220,2.427447,30.146507,-25.106220,2.427447,30.146507,-25.106220,2.427447,
18.132999f,30.146507,-25.106279,2.427447,30.146507,-25.106279,2.427447,30.146507,-25.106279,2.427447,
18.166000f,30.146507,-25.106340,2.427447,30.146507,-25.106340,2.427447,30.146507,-25.106340,2.427447,
18.200001f,30.146507,-25.106401,2.427447,30.146507,-25.106401,2.427447,30.146507,-25.106401,2.427447,
18.233002f,30.146507,-25.106462,2.427447,30.146507,-25.106462,2.427447,30.146507,-25.106462,2.427447,
18.265999f,30.146507,-25.106525,2.427447,30.146507,-25.106525,2.427447,30.146507,-25.106525,2.427447,
18.299999f,30.146507,-25.106588,2.427447,30.146507,-25.106588,2.427447,30.146507,-25.106588,2.427447,
18.333000f,30.146507,-25.106655,2.427447,30.146507,-25.106655,2.427447,30.146507,-25.106655,2.427447,
18.366001f,30.146507,-25.106718,2.427447,30.146507,-25.106718,2.427447,30.146507,-25.106718,2.427447,
18.400002f,30.146507,-25.106787,2.427447,30.146507,-25.106787,2.427447,30.146507,-25.106787,2.427447,
18.432999f,30.146507,-25.106852,2.427447,30.146507,-25.106852,2.427447,30.146507,-25.106852,2.427447,
18.466000f,30.146507,-25.106920,2.427447,30.146507,-25.106920,2.427447,30.146507,-25.106920,2.427447,
18.500000f,30.146507,-25.106989,2.427447,30.146507,-25.106989,2.427447,30.146507,-25.106989,2.427447,
18.533001f,30.146507,-25.107058,2.427447,30.146507,-25.107058,2.427447,30.146507,-25.107058,2.427447,
18.566002f,30.146507,-25.107128,2.427447,30.146507,-25.107128,2.427447,30.146507,-25.107128,2.427447,
18.599998f,30.146507,-25.107199,2.427447,30.146507,-25.107199,2.427447,30.146507,-25.107199,2.427447,
18.632999f,30.146507,-25.107273,2.427447,30.146507,-25.107273,2.427447,30.146507,-25.107273,2.427447,
18.666000f,30.146507,-25.107344,2.427447,30.146507,-25.107344,2.427447,30.146507,-25.107344,2.427447,
18.700001f,30.146507,-25.107418,2.427447,30.146507,-25.107418,2.427447,30.146507,-25.107418,2.427447,
18.733002f,30.146507,-25.107492,2.427447,30.146507,-25.107492,2.427447,30.146507,-25.107492,2.427447,
18.765999f,30.146507,-25.107569,2.427447,30.146507,-25.107569,2.427447,30.146507,-25.107569,2.427447,
18.799999f,30.146507,-25.107643,2.427447,30.146507,-25.107643,2.427447,30.146507,-25.107643,2.427447,
18.833000f,30.146507,-25.107719,2.427447,30.146507,-25.107719,2.427447,30.146507,-25.107719,2.427447,
18.866001f,30.146507,-25.107798,2.427447,30.146507,-25.107798,2.427447,30.146507,-25.107798,2.427447,
18.900002f,30.146507,-25.107876,2.427447,30.146507,-25.107876,2.427447,30.146507,-25.107876,2.427447,
18.932999f,30.146507,-25.107954,2.427447,30.146507,-25.107954,2.427447,30.146507,-25.107954,2.427447,
18.966000f,30.146507,-25.108034,2.427447,30.146507,-25.108034,2.427447,30.146507,-25.108034,2.427447,
19.000000f,30.146507,-25.108114,2.427447,30.146507,-25.108114,2.427447,30.146507,-25.108114,2.427447,
19.033001f,30.146507,-25.108194,2.427447,30.146507,-25.108194,2.427447,30.146507,-25.108194,2.427447,
19.066002f,30.146507,-25.108278,2.427447,30.146507,-25.108278,2.427447,30.146507,-25.108278,2.427447,
19.099998f,30.146507,-25.108362,2.427447,30.146507,-25.108362,2.427447,30.146507,-25.108362,2.427447,
19.132999f,30.146507,-25.108444,2.427447,30.146507,-25.108444,2.427447,30.146507,-25.108444,2.427447,
19.166000f,30.146507,-25.108528,2.427447,30.146507,-25.108528,2.427447,30.146507,-25.108528,2.427447,
19.200001f,30.146507,-25.108612,2.427447,30.146507,-25.108612,2.427447,30.146507,-25.108612,2.427447,
19.233002f,30.146507,-25.108700,2.427447,30.146507,-25.108700,2.427447,30.146507,-25.108700,2.427447,
19.265999f,30.146507,-25.108786,2.427447,30.146507,-25.108786,2.427447,30.146507,-25.108786,2.427447,
19.299999f,30.146507,-25.108873,2.427447,30.146507,-25.108873,2.427447,30.146507,-25.108873,2.427447,
19.333000f,30.146507,-25.108961,2.427447,30.146507,-25.108961,2.427447,30.146507,-25.108961,2.427447,
19.366001f,30.146507,-25.109049,2.427447,30.146507,-25.109049,2.427447,30.146507,-25.109049,2.427447,
19.400002f,30.146507,-25.109140,2.427447,30.146507,-25.109140,2.427447,30.146507,-25.109140,2.427447,
19.432999f,30.146507,-25.109230,2.427447,30.146507,-25.109230,2.427447,30.146507,-25.109230,2.427447,
19.466000f,30.146507,-25.109324,2.427447,30.146507,-25.109324,2.427447,30.146507,-25.109324,2.427447,
19.500000f,30.146507,-25.109413,2.427447,30.146507,-25.109413,2.427447,30.146507,-25.109413,2.427447,
19.532997f,30.146507,-25.109507,2.427447,30.146507,-25.109507,2.427447,30.146507,-25.109507,2.427447,
19.566002f,30.146507,-25.109602,2.427447,30.146507,-25.109602,2.427447,30.146507,-25.109602,2.427447,
19.599998f,30.146507,-25.109694,2.427447,30.146507,-25.109694,2.427447,30.146507,-25.109694,2.427447,
19.633003f,30.146507,-25.109789,2.427447,30.146507,-25.109789,2.427447,30.146507,-25.109789,2.427447,
19.666000f,30.146507,-25.109888,2.427447,30.146507,-25.109888,2.427447,30.146507,-25.109888,2.427447,
19.699997f,30.146507,-25.109982,2.427447,30.146507,-25.109982,2.427447,30.146507,-25.109982,2.427447,
19.733002f,30.146507,-25.110081,2.427447,30.146507,-25.110081,2.427447,30.146507,-25.110081,2.427447,
19.765999f,30.146507,-25.110178,2.427447,30.146507,-25.110178,2.427447,30.146507,-25.110178,2.427447,
19.800003f,30.146507,-25.110275,2.427447,30.146507,-25.110275,2.427447,30.146507,-25.110275,2.427447,
19.833000f,30.146507,-25.110376,2.427447,30.146507,-25.110376,2.427447,30.146507,-25.110376,2.427447,
19.865997f,30.146507,-25.110476,2.427447,30.146507,-25.110476,2.427447,30.146507,-25.110476,2.427447,
19.900002f,30.146507,-25.110579,2.427447,30.146507,-25.110579,2.427447,30.146507,-25.110579,2.427447,
19.932999f,30.146507,-25.110678,2.427447,30.146507,-25.110678,2.427447,30.146507,-25.110678,2.427447,
19.966003f,30.146507,-25.110781,2.427447,30.146507,-25.110781,2.427447,30.146507,-25.110781,2.427447,
20.000000f,30.146507,-25.110884,2.427447,30.146507,-25.110884,2.427447,30.146507,-25.110884,2.427447,
20.032997f,30.146507,-25.110989,2.427447,30.146507,-25.110989,2.427447,30.146507,-25.110989,2.427447,
20.066002f,30.146507,-25.111094,2.427447,30.146507,-25.111094,2.427447,30.146507,-25.111094,2.427447,
20.099998f,30.146507,-25.111198,2.427447,30.146507,-25.111198,2.427447,30.146507,-25.111198,2.427447,
20.133003f,30.146507,-25.111303,2.427447,30.146507,-25.111303,2.427447,30.146507,-25.111303,2.427447,
20.166000f,30.146507,-25.111410,2.427447,30.146507,-25.111410,2.427447,30.146507,-25.111410,2.427447,
20.199997f,30.146507,-25.111519,2.427447,30.146507,-25.111519,2.427447,30.146507,-25.111519,2.427447,
20.233002f,30.146507,-25.111626,2.427447,30.146507,-25.111626,2.427447,30.146507,-25.111626,2.427447,
20.265999f,30.146507,-25.111734,2.427447,30.146507,-25.111734,2.427447,30.146507,-25.111734,2.427447,
20.300003f,30.146507,-25.111845,2.427447,30.146507,-25.111845,2.427447,30.146507,-25.111845,2.427447,
20.333000f,30.146507,-25.111956,2.427447,30.146507,-25.111956,2.427447,30.146507,-25.111956,2.427447,
20.365997f,30.146507,-25.112064,2.427447,30.146507,-25.112064,2.427447,30.146507,-25.112064,2.427447,
20.400002f,30.146507,-25.112177,2.427447,30.146507,-25.112177,2.427447,30.146507,-25.112177,2.427447,
20.432999f,30.146507,-25.112289,2.427447,30.146507,-25.112289,2.427447,30.146507,-25.112289,2.427447,
20.466003f,30.146507,-25.112402,2.427447,30.146507,-25.112402,2.427447,30.146507,-25.112402,2.427447,
20.500000f,30.146507,-25.112516,2.427447,30.146507,-25.112516,2.427447,30.146507,-25.112516,2.427447,
20.532997f,30.146505,-25.112631,2.427447,30.146505,-25.112631,2.427447,30.146505,-25.112631,2.427447,
20.566002f,30.146507,-25.112745,2.427447,30.146507,-25.112745,2.427447,30.146507,-25.112745,2.427447,
20.599998f,30.146507,-25.112864,2.427447,30.146507,-25.112864,2.427447,30.146507,-25.112864,2.427447,
20.633003f,30.146507,-25.112978,2.427447,30.146507,-25.112978,2.427447,30.146507,-25.112978,2.427447,
20.666000f,30.146507,-25.113094,2.427447,30.146507,-25.113094,2.427447,30.146507,-25.113094,2.427447,
20.699997f,30.146507,-25.113214,2.427447,30.146507,-25.113214,2.427447,30.146507,-25.113214,2.427447,
20.733002f,30.146507,-25.113333,2.427447,30.146507,-25.113333,2.427447,30.146507,-25.113333,2.427447,
20.765999f,30.146507,-25.113451,2.427447,30.146507,-25.113451,2.427447,30.146507,-25.113451,2.427447,
20.800003f,30.146505,-25.113571,2.427447,30.146505,-25.113571,2.427447,30.146505,-25.113571,2.427447,
20.833000f,30.146507,-25.113693,2.427447,30.146507,-25.113693,2.427447,30.146507,-25.113693,2.427447,
20.865997f,30.146507,-25.113815,2.427447,30.146507,-25.113815,2.427447,30.146507,-25.113815,2.427447,
20.900002f,30.146507,-25.113937,2.427447,30.146507,-25.113937,2.427447,30.146507,-25.113937,2.427447,
20.932999f,30.146507,-25.114059,2.427447,30.146507,-25.114059,2.427447,30.146507,-25.114059,2.427447,
20.966003f,30.146507,-25.114183,2.427447,30.146507,-25.114183,2.427447,30.146507,-25.114183,2.427447,
21.000000f,30.146507,-25.114309,2.427447,30.146507,-25.114309,2.427447,30.146507,-25.114309,2.427447,
21.032997f,30.146507,-25.114433,2.427447,30.146507,-25.114433,2.427447,30.146507,-25.114433,2.427447,
21.066002f,30.146507,-25.114557,2.427447,30.146507,-25.114557,2.427447,30.146507,-25.114557,2.427447,
21.099998f,30.146507,-25.114685,2.427447,30.146507,-25.114685,2.427447,30.146507,-25.114685,2.427447,
21.133003f,30.146507,-25.114811,2.427447,30.146507,-25.114811,2.427447,30.146507,-25.114811,2.427447,
21.166000f,30.146507,-25.114939,2.427447,30.146507,-25.114939,2.427447,30.146507,-25.114939,2.427447,
21.199997f,30.146507,-25.115068,2.427447,30.146507,-25.115068,2.427447,30.146507,-25.115068,2.427447,
21.233002f,30.146507,-25.115194,2.427447,30.146507,-25.115194,2.427447,30.146507,-25.115194,2.427447,
21.265999f,30.146507,-25.115324,2.427447,30.146507,-25.115324,2.427447,30.146507,-25.115324,2.427447,
21.300003f,30.146507,-25.115456,2.427447,30.146507,-25.115456,2.427447,30.146507,-25.115456,2.427447,
21.333000f,30.146507,-25.115585,2.427447,30.146507,-25.115585,2.427447,30.146507,-25.115585,2.427447,
21.365997f,30.146507,-25.115717,2.427447,30.146507,-25.115717,2.427447,30.146507,-25.115717,2.427447,
21.400002f,30.146507,-25.115849,2.427447,30.146507,-25.115849,2.427447,30.146507,-25.115849,2.427447,
21.432999f,30.146507,-25.115984,2.427447,30.146507,-25.115984,2.427447,30.146507,-25.115984,2.427447,
21.452999f,30.543936,-25.451233,2.313367,30.543936,-25.451233,2.313367,30.543936,-25.451233,2.313367,
25.799004f,30.543936,-25.451233,2.313367,30.543936,-25.451233,2.313367,30.543936,-25.451233,2.313367,
25.800003f,31.676907,-25.117458,2.432519,31.676907,-25.117458,2.432519,31.676907,-25.117458,2.432519,
25.833000f,31.676907,-25.117563,2.432519,31.676907,-25.117563,2.432519,31.676907,-25.117563,2.432519,
25.865997f,31.676907,-25.117668,2.432519,31.676907,-25.117668,2.432519,31.676907,-25.117668,2.432519,
25.900002f,31.676907,-25.117773,2.432519,31.676907,-25.117773,2.432519,31.676907,-25.117773,2.432519,
25.932999f,31.676907,-25.117878,2.432519,31.676907,-25.117878,2.432519,31.676907,-25.117878,2.432519,
25.966003f,31.676907,-25.117983,2.432519,31.676907,-25.117983,2.432519,31.676907,-25.117983,2.432519,
26.000000f,31.676907,-25.118088,2.432519,31.676907,-25.118088,2.432519,31.676907,-25.118088,2.432519,
26.032997f,31.676907,-25.118193,2.432519,31.676907,-25.118193,2.432519,31.676907,-25.118193,2.432519,
26.066002f,31.676907,-25.118298,2.432519,31.676907,-25.118298,2.432519,31.676907,-25.118298,2.432519,
26.099998f,31.676907,-25.118402,2.432519,31.676907,-25.118402,2.432519,31.676907,-25.118402,2.432519,
26.133003f,31.676907,-25.118507,2.432519,31.676907,-25.118507,2.432519,31.676907,-25.118507,2.432519,
26.166000f,31.676907,-25.118612,2.432519,31.676907,-25.118612,2.432519,31.676907,-25.118612,2.432519,
26.199997f,31.676907,-25.118717,2.432519,31.676907,-25.118717,2.432519,31.676907,-25.118717,2.432519,
26.233002f,31.676907,-25.118822,2.432519,31.676907,-25.118822,2.432519,31.676907,-25.118822,2.432519,
26.265999f,31.676907,-25.118927,2.432519,31.676907,-25.118927,2.432519,31.676907,-25.118927,2.432519,
26.300003f,31.676907,-25.119036,2.432519,31.676907,-25.119036,2.432519,31.676907,-25.119036,2.432519,
26.333000f,31.676907,-25.119141,2.432519,31.676907,-25.119141,2.432519,31.676907,-25.119141,2.432519,
26.365997f,31.676907,-25.119246,2.432519,31.676907,-25.119246,2.432519,31.676907,-25.119246,2.432519,
26.400002f,31.676907,-25.119350,2.432519,31.676907,-25.119350,2.432519,31.676907,-25.119350,2.432519,
26.432999f,31.676907,-25.119457,2.432519,31.676907,-25.119457,2.432519,31.676907,-25.119457,2.432519,
26.466003f,31.676907,-25.119562,2.432519,31.676907,-25.119562,2.432519,31.676907,-25.119562,2.432519,
26.500000f,31.676907,-25.119667,2.432519,31.676907,-25.119667,2.432519,31.676907,-25.119667,2.432519,
26.532997f,31.676907,-25.119776,2.432519,31.676907,-25.119776,2.432519,31.676907,-25.119776,2.432519,
26.566002f,31.676907,-25.119881,2.432519,31.676907,-25.119881,2.432519,31.676907,-25.119881,2.432519,
26.599998f,31.676907,-25.119986,2.432519,31.676907,-25.119986,2.432519,31.676907,-25.119986,2.432519,
26.633003f,31.676907,-25.120092,2.432519,31.676907,-25.120092,2.432519,31.676907,-25.120092,2.432519,
26.666000f,31.676907,-25.120197,2.432519,31.676907,-25.120197,2.432519,31.676907,-25.120197,2.432519,
26.699997f,31.676907,-25.120302,2.432519,31.676907,-25.120302,2.432519,31.676907,-25.120302,2.432519,
26.733002f,31.676907,-25.120409,2.432519,31.676907,-25.120409,2.432519,31.676907,-25.120409,2.432519,
26.765999f,31.676907,-25.120514,2.432519,31.676907,-25.120514,2.432519,31.676907,-25.120514,2.432519,
26.800003f,31.676907,-25.120623,2.432519,31.676907,-25.120623,2.432519,31.676907,-25.120623,2.432519,
26.833000f,31.676907,-25.120729,2.432519,31.676907,-25.120729,2.432519,31.676907,-25.120729,2.432519,
26.865997f,31.676907,-25.120834,2.432519,31.676907,-25.120834,2.432519,31.676907,-25.120834,2.432519,
26.900002f,31.676907,-25.120941,2.432519,31.676907,-25.120941,2.432519,31.676907,-25.120941,2.432519,
26.932999f,31.676907,-25.121046,2.432519,31.676907,-25.121046,2.432519,31.676907,-25.121046,2.432519,
26.966003f,31.676907,-25.121155,2.432519,31.676907,-25.121155,2.432519,31.676907,-25.121155,2.432519,
27.000000f,31.676907,-25.121260,2.432519,31.676907,-25.121260,2.432519,31.676907,-25.121260,2.432519,
27.032997f,31.676907,-25.121367,2.432519,31.676907,-25.121367,2.432519,31.676907,-25.121367,2.432519,
27.066002f,31.676907,-25.121473,2.432519,31.676907,-25.121473,2.432519,31.676907,-25.121473,2.432519,
27.099998f,31.676907,-25.121578,2.432519,31.676907,-25.121578,2.432519,31.676907,-25.121578,2.432519,
27.133003f,31.676907,-25.121687,2.432519,31.676907,-25.121687,2.432519,31.676907,-25.121687,2.432519,
27.166000f,31.676907,-25.121794,2.432519,31.676907,-25.121794,2.432519,31.676907,-25.121794,2.432519,
27.199997f,31.676907,-25.121899,2.432519,31.676907,-25.121899,2.432519,31.676907,-25.121899,2.432519,
27.233002f,31.676907,-25.122005,2.432519,31.676907,-25.122005,2.432519,31.676907,-25.122005,2.432519,
27.265999f,31.676907,-25.122114,2.432519,31.676907,-25.122114,2.432519,31.676907,-25.122114,2.432519,
27.300003f,31.676907,-25.122221,2.432519,31.676907,-25.122221,2.432519,31.676907,-25.122221,2.432519,
27.333000f,31.676907,-25.122326,2.432519,31.676907,-25.122326,2.432519,31.676907,-25.122326,2.432519,
27.365997f,31.676907,-25.122433,2.432519,31.676907,-25.122433,2.432519,31.676907,-25.122433,2.432519,
27.400002f,31.676907,-25.122541,2.432519,31.676907,-25.122541,2.432519,31.676907,-25.122541,2.432519,
27.432999f,31.676908,-25.122648,2.432519,31.676908,-25.122648,2.432519,31.676908,-25.122648,2.432519,
27.466003f,31.676907,-25.122755,2.432519,31.676907,-25.122755,2.432519,31.676907,-25.122755,2.432519,
27.500000f,31.676907,-25.122864,2.432519,31.676907,-25.122864,2.432519,31.676907,-25.122864,2.432519,
27.532997f,31.676907,-25.122969,2.432519,31.676907,-25.122969,2.432519,31.676907,-25.122969,2.432519,
27.566002f,31.676907,-25.123075,2.432519,31.676907,-25.123075,2.432519,31.676907,-25.123075,2.432519,
27.599998f,31.676907,-25.123182,2.432519,31.676907,-25.123182,2.432519,31.676907,-25.123182,2.432519,
27.633003f,31.676907,-25.123291,2.432519,31.676907,-25.123291,2.432519,31.676907,-25.123291,2.432519,
27.666000f,31.676907,-25.123398,2.432519,31.676907,-25.123398,2.432519,31.676907,-25.123398,2.432519,
27.699997f,31.676907,-25.123505,2.432519,31.676907,-25.123505,2.432519,31.676907,-25.123505,2.432519,
27.733002f,31.676907,-25.123613,2.432519,31.676907,-25.123613,2.432519,31.676907,-25.123613,2.432519,
27.765999f,31.676907,-25.123720,2.432519,31.676907,-25.123720,2.432519,31.676907,-25.123720,2.432519,
27.800003f,31.676907,-25.123827,2.432519,31.676907,-25.123827,2.432519,31.676907,-25.123827,2.432519,
27.833000f,31.676907,-25.123936,2.432519,31.676907,-25.123936,2.432519,31.676907,-25.123936,2.432519,
27.865997f,31.676907,-25.124043,2.432519,31.676907,-25.124043,2.432519,31.676907,-25.124043,2.432519,
27.900002f,31.676907,-25.124149,2.432519,31.676907,-25.124149,2.432519,31.676907,-25.124149,2.432519,
27.932999f,31.676907,-25.124258,2.432519,31.676907,-25.124258,2.432519,31.676907,-25.124258,2.432519,
27.966003f,31.676907,-25.124365,2.432519,31.676907,-25.124365,2.432519,31.676907,-25.124365,2.432519,
28.000000f,31.676908,-25.124472,2.432519,31.676908,-25.124472,2.432519,31.676908,-25.124472,2.432519,
28.032997f,31.676907,-25.124580,2.432519,31.676907,-25.124580,2.432519,31.676907,-25.124580,2.432519,
28.066002f,31.676908,-25.124687,2.432519,31.676908,-25.124687,2.432519,31.676908,-25.124687,2.432519,
28.099998f,31.676907,-25.124794,2.432519,31.676907,-25.124794,2.432519,31.676907,-25.124794,2.432519,
28.133003f,31.676907,-25.124905,2.432519,31.676907,-25.124905,2.432519,31.676907,-25.124905,2.432519,
28.166000f,31.676907,-25.125011,2.432519,31.676907,-25.125011,2.432519,31.676907,-25.125011,2.432519,
28.199997f,31.676907,-25.125118,2.432519,31.676907,-25.125118,2.432519,31.676907,-25.125118,2.432519,
28.233002f,31.676907,-25.125227,2.432519,31.676907,-25.125227,2.432519,31.676907,-25.125227,2.432519,
28.265999f,31.676907,-25.125334,2.432519,31.676907,-25.125334,2.432519,31.676907,-25.125334,2.432519,
28.300003f,31.676907,-25.125441,2.432519,31.676907,-25.125441,2.432519,31.676907,-25.125441,2.432519,
28.333000f,31.676907,-25.125551,2.432519,31.676907,-25.125551,2.432519,31.676907,-25.125551,2.432519,
28.365997f,31.676907,-25.125658,2.432519,31.676907,-25.125658,2.432519,31.676907,-25.125658,2.432519,
28.400002f,31.676907,-25.125767,2.432519,31.676907,-25.125767,2.432519,31.676907,-25.125767,2.432519,
28.432999f,31.676907,-25.125874,2.432519,31.676907,-25.125874,2.432519,31.676907,-25.125874,2.432519,
28.466003f,31.676907,-25.125980,2.432519,31.676907,-25.125980,2.432519,31.676907,-25.125980,2.432519,
28.500000f,31.676907,-25.126089,2.432519,31.676907,-25.126089,2.432519,31.676907,-25.126089,2.432519,
28.532997f,31.676907,-25.126198,2.432519,31.676907,-25.126198,2.432519,31.676907,-25.126198,2.432519,
28.566002f,31.676907,-25.126307,2.432519,31.676907,-25.126307,2.432519,31.676907,-25.126307,2.432519,
28.598999f,31.676907,-25.126413,2.432519,31.676907,-25.126413,2.432519,31.676907,-25.126413,2.432519,
28.599998f,29.979973,-23.793146,2.832777,29.979973,-23.793146,2.832777,29.979973,-23.793146,2.832777,
32.999001f,29.979973,-23.793146,2.832777,29.979973,-23.793146,2.832777,29.979973,-23.793146,2.832777,
33.000000f,30.464035,-21.349813,3.307070,30.464035,-21.349813,3.307070,30.464035,-21.349813,3.307070,
40.799004f,30.464035,-21.349813,3.307070,30.464035,-21.349813,3.307070,30.464035,-21.349813,3.307070,
40.800003f,30.161180,-25.612867,2.905625,30.161180,-25.612867,2.905625,30.161180,-25.612867,2.905625,
44.265999f,30.161180,-25.612867,2.905625,30.161180,-25.612867,2.905625,30.161180,-25.612867,2.905625,
44.285999f,30.464035,-21.349813,3.307070,30.464035,-21.349813,3.307070,30.464035,-21.349813,3.307070,
52.865997f,30.464035,-21.349813,3.307070,30.464035,-21.349813,3.307070,30.464035,-21.349813,3.307070,
52.866669f,30.464035,-21.349813,3.307070,30.464035,-21.349813,3.307070,30.464035,-21.349813,3.307070,
;
;
                                                                                                                                                                                                                                                                                                                                                                                                                                                                                                                                                                                                                                                                                                                                                                                                                                                                                                                                                                                                                                                                                                                                                                                                                                                                                                                                                                                                                                                                                                                                                                                                                                                                                                                                                                                                                                                                                                                                                                