15,
0.000000f,51.774010,51.774010,51.774010,
39.566002f,51.774010,51.774010,51.774010,
39.566002f,44.431870,44.431870,44.431870,
57.966000f,44.430000,44.430000,44.430000,
57.966000f,44.430000,44.430000,44.430000,
58.130001f,44.431870,44.431870,44.431870,
61.533001f,87.036362,87.036362,87.036362,
61.533001f,24.045454,24.045454,24.045454,
66.799004f,24.045454,24.045454,24.045454,
66.800003f,63.990910,63.990910,63.990910,
68.466003f,63.990910,63.990910,63.990910,
68.466003f,24.045454,24.045454,24.045454,
68.500000f,24.045454,24.045454,24.045454,
69.666000f,24.045454,24.045454,24.045454,
69.699997f,24.045454,24.045454,24.045454,
;
13,
0.000000f,0.000000,0.000000,0.000000,
39.566002f,0.000000,0.000000,0.000000,
39.566002f,0.000000,0.000000,0.000000,
57.966000f,0.000000,0.000000,0.000000,
57.966000f,0.000000,0.000000,0.000000,
61.533001f,0.000000,0.000000,0.000000,
61.533001f,0.000000,0.000000,0.000000,
66.799004f,0.000000,0.000000,0.000000,
66.800003f,0.000000,0.000000,0.000000,
68.466003f,0.000000,0.000000,0.000000,
68.466003f,0.000000,0.000000,0.000000,
69.666000f,0.000000,0.000000,0.000000,
69.699997f,0.000000,0.000000,0.000000,
;
458,
0.000000f,-3.164260,9.025210,-9.001378,-3.164260,9.025210,-9.001378,-3.164260,9.025210,-9.001378,
39.566002f,-3.164260,9.025210,-9.001378,-3.164260,9.025210,-9.001378,-3.164260,9.025210,-9.001378,
39.586002f,2.084453,11.829319,-8.492411,2.084453,11.829319,-8.492411,2.084453,11.829319,-8.492411,
39.733002f,2.084453,11.829319,-8.492411,2.084453,11.829319,-8.492411,2.084453,11.829319,-8.492411,
39.765999f,2.084453,11.829319,-8.492411,2.084451,11.829321,-8.492410,2.084456,11.829317,-8.492412,
39.799999f,2.084468,11.829305,-8.492415,2.084449,11.829322,-8.492410,2.084487,11.829288,-8.492420,
39.833000f,2.084566,11.829215,-8.492442,2.084519,11.829258,-8.492429,2.084613,11.829172,-8.492455,
39.866001f,2.084753,11.829042,-8.492495,2.084677,11.829112,-8.492474,2.084832,11.828970,-8.492517,
39.900002f,2.085027,11.828790,-8.492572,2.084920,11.828889,-8.492541,2.085132,11.828693,-8.492601,
39.932999f,2.085387,11.828458,-8.492673,2.085255,11.828580,-8.492636,2.085520,11.828336,-8.492710,
39.966000f,2.085830,11.828049,-8.492797,2.085671,11.828196,-8.492752,2.085995,11.827897,-8.492843,
40.000000f,2.086355,11.827565,-8.492942,2.086163,11.827742,-8.492888,2.086541,11.827394,-8.492993,
40.033001f,2.086959,11.827009,-8.493110,2.086747,11.827205,-8.493051,2.087171,11.826814,-8.493169,
40.066002f,2.087640,11.826381,-8.493299,2.087403,11.826600,-8.493233,2.087885,11.826156,-8.493366,
40.099998f,2.088397,11.825682,-8.493508,2.088127,11.825931,-8.493434,2.088659,11.825440,-8.493581,
40.132999f,2.089227,11.824916,-8.493737,2.088942,11.825180,-8.493659,2.089513,11.824652,-8.493815,
40.166000f,2.090130,11.824083,-8.493985,2.089820,11.824368,-8.493900,2.090448,11.823790,-8.494073,
40.200001f,2.091101,11.823186,-8.494251,2.090760,11.823502,-8.494158,2.091433,11.822880,-8.494342,
40.233002f,2.092141,11.822225,-8.494536,2.091787,11.822552,-8.494440,2.092494,11.821898,-8.494633,
40.265999f,2.093246,11.821204,-8.494838,2.092871,11.821550,-8.494736,2.093632,11.820848,-8.494943,
40.299999f,2.094415,11.820125,-8.495155,2.094007,11.820501,-8.495045,2.094810,11.819758,-8.495263,
40.333000f,2.095645,11.818987,-8.495489,2.095229,11.819371,-8.495377,2.096061,11.818603,-8.495602,
40.366001f,2.096936,11.817793,-8.495838,2.096500,11.818195,-8.495721,2.097384,11.817378,-8.495959,
40.400002f,2.098284,11.816545,-8.496202,2.097816,11.816978,-8.496077,2.098738,11.816125,-8.496325,
40.432999f,2.099688,11.815245,-8.496579,2.099216,11.815681,-8.496452,2.100161,11.814808,-8.496706,
40.466000f,2.101146,11.813895,-8.496970,2.100657,11.814349,-8.496840,2.101651,11.813428,-8.497106,
40.500000f,2.102657,11.812496,-8.497375,2.102135,11.812980,-8.497235,2.103163,11.812027,-8.497510,
40.533001f,2.104217,11.811049,-8.497789,2.103694,11.811534,-8.497650,2.104740,11.810565,-8.497929,
40.566002f,2.105825,11.809559,-8.498216,2.105287,11.810058,-8.498073,2.106380,11.809045,-8.498363,
40.599998f,2.107479,11.808024,-8.498653,2.106910,11.808553,-8.498503,2.108032,11.807511,-8.498799,
40.632999f,2.109178,11.806449,-8.499100,2.108611,11.806975,-8.498951,2.109746,11.805923,-8.499249,
40.666000f,2.110918,11.804832,-8.499557,2.110337,11.805372,-8.499404,2.111517,11.804276,-8.499713,
40.700001f,2.112699,11.803179,-8.500022,2.112087,11.803747,-8.499863,2.113293,11.802628,-8.500176,
40.733002f,2.114519,11.801489,-8.500495,2.113912,11.802052,-8.500338,2.115125,11.800925,-8.500652,
40.765999f,2.116374,11.799764,-8.500977,2.115756,11.800338,-8.500817,2.117010,11.799171,-8.501142,
40.799999f,2.118264,11.798006,-8.501464,2.117616,11.798609,-8.501297,2.118893,11.797421,-8.501626,
40.833000f,2.120186,11.796218,-8.501957,2.119547,11.796813,-8.501793,2.120825,11.795623,-8.502121,
40.866001f,2.122139,11.794400,-8.502456,2.121490,11.795005,-8.502291,2.122807,11.793777,-8.502626,
40.900002f,2.124119,11.792555,-8.502959,2.123441,11.793186,-8.502788,2.124777,11.791942,-8.503126,
40.932999f,2.126127,11.790685,-8.503468,2.125460,11.791306,-8.503300,2.126793,11.790063,-8.503635,
40.966000f,2.128159,11.788789,-8.503979,2.127485,11.789418,-8.503810,2.128854,11.788140,-8.504153,
41.000000f,2.130213,11.786872,-8.504493,2.129512,11.787527,-8.504317,2.130895,11.786236,-8.504663,
41.033001f,2.132289,11.784935,-8.505009,2.131601,11.785578,-8.504838,2.132977,11.784292,-8.505179,
41.066002f,2.134382,11.782978,-8.505527,2.133689,11.783627,-8.505356,2.135097,11.782310,-8.505703,
41.099998f,2.136493,11.781006,-8.506044,2.135773,11.781679,-8.505868,2.137192,11.780353,-8.506215,
41.132999f,2.138618,11.779017,-8.506563,2.137915,11.779675,-8.506392,2.139322,11.778359,-8.506734,
41.166000f,2.140756,11.777017,-8.507082,2.140049,11.777678,-8.506911,2.141485,11.776335,-8.507258,
41.200001f,2.142905,11.775003,-8.507599,2.142173,11.775689,-8.507423,2.143615,11.774338,-8.507770,
41.233002f,2.145062,11.772981,-8.508115,2.144349,11.773649,-8.507945,2.145776,11.772312,-8.508285,
41.265999f,2.147227,11.770949,-8.508627,2.146512,11.771621,-8.508458,2.147964,11.770258,-8.508801,
41.299999f,2.149396,11.768912,-8.509137,2.148658,11.769606,-8.508965,2.150113,11.768239,-8.509305,
41.333000f,2.151569,11.766870,-8.509644,2.150852,11.767544,-8.509478,2.152286,11.766195,-8.509809,
41.366001f,2.153742,11.764827,-8.510145,2.153025,11.765501,-8.509980,2.154481,11.764132,-8.510315,
41.400002f,2.155915,11.762780,-8.510642,2.155176,11.763475,-8.510474,2.156631,11.762105,-8.510805,
41.432999f,2.158084,11.760736,-8.511133,2.157369,11.761410,-8.510972,2.158799,11.760061,-8.511294,
41.466000f,2.160249,11.758694,-8.511618,2.159536,11.759367,-8.511458,2.160984,11.758000,-8.511782,
41.500000f,2.162406,11.756657,-8.512095,2.161674,11.757348,-8.511934,2.163117,11.755985,-8.512252,
41.533001f,2.164555,11.754623,-8.512566,2.163848,11.755293,-8.512412,2.165262,11.753954,-8.512719,
41.566002f,2.166693,11.752600,-8.513028,2.165990,11.753266,-8.512877,2.167418,11.751913,-8.513184,
41.599998f,2.168819,11.750586,-8.513480,2.168099,11.751268,-8.513328,2.169518,11.749923,-8.513628,
41.632999f,2.170929,11.748583,-8.513924,2.170236,11.749242,-8.513779,2.171623,11.747924,-8.514069,
41.666000f,2.173023,11.746593,-8.514358,2.172336,11.747247,-8.514216,2.173732,11.745918,-8.514503,
41.700001f,2.175099,11.744617,-8.514779,2.174397,11.745286,-8.514638,2.175780,11.743969,-8.514916,
41.733002f,2.177154,11.742660,-8.515189,2.176480,11.743302,-8.515056,2.177828,11.742017,-8.515323,
41.765999f,2.179186,11.740720,-8.515588,2.178520,11.741357,-8.515458,2.179873,11.740064,-8.515721,
41.799999f,2.181194,11.738800,-8.515973,2.180515,11.739450,-8.515844,2.181853,11.738170,-8.516098,
41.833000f,2.183181,11.736897,-8.516347,2.182520,11.737530,-8.516224,2.183841,11.736265,-8.516470,
41.866001f,2.185195,11.734965,-8.516718,2.184524,11.735610,-8.516595,2.185887,11.734302,-8.516845,
41.900002f,2.187251,11.732993,-8.517090,2.186546,11.733670,-8.516963,2.187936,11.732336,-8.517213,
41.932999f,2.189346,11.730980,-8.517463,2.188649,11.731650,-8.517340,2.190044,11.730309,-8.517586,
41.966000f,2.191480,11.728928,-8.517837,2.190770,11.729610,-8.517714,2.192211,11.728224,-8.517963,
42.000000f,2.193650,11.726839,-8.518211,2.192906,11.727555,-8.518084,2.194372,11.726144,-8.518335,
42.033001f,2.195857,11.724715,-8.518586,2.195123,11.725422,-8.518462,2.196591,11.724009,-8.518710,
42.066002f,2.198098,11.722554,-8.518962,2.197353,11.723273,-8.518838,2.198866,11.721814,-8.519090,
42.099998f,2.200374,11.720360,-8.519339,2.199595,11.721111,-8.519211,2.201130,11.719630,-8.519463,
42.132999f,2.202682,11.718133,-8.519714,2.201916,11.718873,-8.519589,2.203449,11.717393,-8.519839,
42.166000f,2.205022,11.715874,-8.520093,2.204245,11.716624,-8.519968,2.205822,11.715100,-8.520222,
42.200001f,2.207392,11.713584,-8.520471,2.206581,11.714368,-8.520342,2.208179,11.712824,-8.520596,
42.233002f,2.209792,11.711265,-8.520848,2.208995,11.712035,-8.520723,2.210588,11.710495,-8.520973,
42.265999f,2.212220,11.708916,-8.521227,2.211414,11.709695,-8.521102,2.213050,11.708113,-8.521356,
42.299999f,2.214675,11.706540,-8.521605,2.213836,11.707353,-8.521477,2.215489,11.705751,-8.521730,
42.333000f,2.217156,11.704138,-8.521985,2.216333,11.704934,-8.521860,2.217978,11.703341,-8.522110,
42.366001f,2.219662,11.701711,-8.522365,2.218831,11.702516,-8.522240,2.220518,11.700881,-8.522493,
42.400002f,2.222191,11.699259,-8.522744,2.221328,11.700096,-8.522615,2.223030,11.698446,-8.522869,
42.432999f,2.224743,11.696784,-8.523124,2.223898,11.697604,-8.522999,2.225589,11.695964,-8.523249,
42.466000f,2.227318,11.694288,-8.523504,2.226465,11.695115,-8.523379,2.228196,11.693436,-8.523633,
42.500000f,2.229912,11.691771,-8.523884,2.229026,11.692630,-8.523755,2.230771,11.690937,-8.524009,
42.533001f,2.232525,11.689235,-8.524263,2.231660,11.690075,-8.524138,2.233391,11.688395,-8.524388,
42.566002f,2.235157,11.686680,-8.524643,2.234286,11.687526,-8.524518,2.236054,11.685808,-8.524772,
42.599998f,2.237806,11.684108,-8.525023,2.236903,11.684985,-8.524895,2.238683,11.683256,-8.525148,
42.632999f,2.240470,11.681519,-8.525403,2.239589,11.682376,-8.525278,2.241352,11.680661,-8.525528,
42.666000f,2.243150,11.678913,-8.525783,2.242264,11.679775,-8.525658,2.244063,11.678025,-8.525911,
42.700001f,2.245843,11.676295,-8.526162,2.244925,11.677188,-8.526033,2.246734,11.675429,-8.526287,
42.733002f,2.248549,11.673664,-8.526541,2.247654,11.674534,-8.526416,2.249444,11.672794,-8.526666,
42.765999f,2.251266,11.671021,-8.526920,2.250368,11.671895,-8.526795,2.252192,11.670121,-8.527049,
42.799999f,2.253994,11.668366,-8.527298,2.253065,11.669271,-8.527169,2.254895,11.667489,-8.527423,
42.833000f,2.256731,11.665703,-8.527677,2.255826,11.666583,-8.527552,2.257635,11.664823,-8.527802,
42.866001f,2.259476,11.663031,-8.528054,2.258569,11.663914,-8.527929,2.260410,11.662121,-8.528183,
42.900002f,2.262228,11.660352,-8.528432,2.261291,11.661263,-8.528304,2.263137,11.659467,-8.528556,
42.932999f,2.264986,11.657666,-8.528809,2.264075,11.658553,-8.528685,2.265896,11.656779,-8.528933,
42.966000f,2.267748,11.654975,-8.529184,2.266836,11.655864,-8.529060,2.268688,11.654059,-8.529312,
43.000000f,2.270514,11.652280,-8.529560,2.269573,11.653196,-8.529432,2.271427,11.651390,-8.529684,
43.033001f,2.273283,11.649581,-8.529935,2.272369,11.650472,-8.529811,2.274197,11.648690,-8.530059,
43.066002f,2.276053,11.646882,-8.530310,2.275139,11.647773,-8.530187,2.276995,11.645965,-8.530437,
43.099998f,2.278824,11.644180,-8.530684,2.277882,11.645099,-8.530557,2.279738,11.643290,-8.530807,
43.132999f,2.281593,11.641480,-8.531056,2.280679,11.642371,-8.530933,2.282507,11.640590,-8.531179,
43.166000f,2.284361,11.638782,-8.531428,2.283448,11.639671,-8.531305,2.285301,11.637864,-8.531555,
43.200001f,2.287125,11.636085,-8.531799,2.286186,11.637000,-8.531673,2.288037,11.635196,-8.531921,
43.233002f,2.289886,11.633393,-8.532169,2.288975,11.634281,-8.532047,2.290795,11.632505,-8.532291,
43.265999f,2.292640,11.630705,-8.532539,2.291733,11.631591,-8.532417,2.293576,11.629792,-8.532665,
43.299999f,2.295389,11.628023,-8.532907,2.294456,11.628934,-8.532783,2.296295,11.627139,-8.533029,
43.333000f,2.298130,11.625348,-8.533275,2.297227,11.626229,-8.533154,2.299033,11.624467,-8.533396,
43.366001f,2.300862,11.622682,-8.533641,2.299962,11.623560,-8.533520,2.301790,11.621777,-8.533765,
43.400002f,2.303585,11.620024,-8.534007,2.302661,11.620926,-8.533883,2.304481,11.619148,-8.534127,
43.432999f,2.306297,11.617376,-8.534370,2.305404,11.618248,-8.534250,2.307189,11.616505,-8.534491,
43.466000f,2.308996,11.614741,-8.534734,2.308108,11.615609,-8.534615,2.309912,11.613848,-8.534857,
43.500000f,2.311683,11.612119,-8.535095,2.310772,11.613008,-8.534972,2.312567,11.611256,-8.535214,
43.533001f,2.314355,11.609509,-8.535456,2.313476,11.610368,-8.535337,2.315234,11.608651,-8.535574,
43.566002f,2.317012,11.606915,-8.535814,2.316138,11.607769,-8.535696,2.317912,11.606036,-8.535936,
43.599998f,2.319652,11.604336,-8.536172,2.318757,11.605209,-8.536051,2.320520,11.603488,-8.536289,
43.632999f,2.322275,11.601774,-8.536529,2.321412,11.602616,-8.536411,2.323137,11.600932,-8.536646,
43.666000f,2.324878,11.599231,-8.536883,2.324023,11.600067,-8.536767,2.325760,11.598370,-8.537004,
43.700001f,2.327463,11.596707,-8.537236,2.326588,11.597562,-8.537116,2.328312,11.595878,-8.537353,
43.733002f,2.330026,11.594204,-8.537588,2.329184,11.595027,-8.537473,2.330868,11.593381,-8.537704,
43.765999f,2.332567,11.591721,-8.537938,2.331732,11.592536,-8.537823,2.333427,11.590880,-8.538056,
43.799999f,2.335084,11.589261,-8.538286,2.334233,11.590093,-8.538168,2.335911,11.588453,-8.538401,
43.833000f,2.337578,11.586826,-8.538634,2.336759,11.587626,-8.538520,2.338396,11.586027,-8.538749,
43.866001f,2.340046,11.584415,-8.538979,2.339236,11.585207,-8.538865,2.340880,11.583600,-8.539096,
43.900002f,2.342487,11.582029,-8.539322,2.341662,11.582836,-8.539206,2.343288,11.581246,-8.539434,
43.932999f,2.344901,11.579671,-8.539663,2.344110,11.580444,-8.539551,2.345693,11.578897,-8.539776,
43.966000f,2.347286,11.577341,-8.540004,2.346504,11.578105,-8.539892,2.348092,11.576554,-8.540119,
44.000000f,2.349641,11.575041,-8.540341,2.348846,11.575818,-8.540227,2.350413,11.574286,-8.540453,
44.033001f,2.351965,11.572771,-8.540677,2.351203,11.573515,-8.540566,2.352726,11.572027,-8.540788,
44.066002f,2.354257,11.570532,-8.541011,2.353506,11.571265,-8.540901,2.355030,11.569777,-8.541124,
44.099998f,2.356515,11.568326,-8.541343,2.355754,11.569070,-8.541230,2.357255,11.567603,-8.541451,
44.132999f,2.358739,11.566154,-8.541673,2.358011,11.566865,-8.541564,2.359468,11.565442,-8.541781,
44.166000f,2.360928,11.564015,-8.542001,2.360212,11.564714,-8.541893,2.361666,11.563294,-8.542111,
44.200001f,2.363080,11.561913,-8.542326,2.362355,11.562622,-8.542215,2.363784,11.561226,-8.542433,
44.233002f,2.365194,11.559850,-8.542649,2.364503,11.560525,-8.542542,2.365885,11.559175,-8.542755,
44.265999f,2.367269,11.557823,-8.542971,2.366591,11.558485,-8.542865,2.367968,11.557141,-8.543079,
44.299999f,2.369305,11.555836,-8.543289,2.368620,11.556504,-8.543181,2.369969,11.555186,-8.543394,
44.333000f,2.371299,11.553889,-8.543606,2.370648,11.554524,-8.543502,2.371950,11.553254,-8.543710,
44.366001f,2.373251,11.551985,-8.543921,2.372614,11.552607,-8.543818,2.373907,11.551345,-8.544027,
44.400002f,2.375160,11.550122,-8.544232,2.374518,11.550748,-8.544127,2.375782,11.549515,-8.544334,
44.432999f,2.377023,11.548303,-8.544540,2.376416,11.548895,-8.544438,2.377631,11.547709,-8.544642,
44.466000f,2.378842,11.546529,-8.544847,2.378250,11.547107,-8.544746,2.379452,11.545934,-8.544951,
44.500000f,2.380614,11.544801,-8.545153,2.380020,11.545381,-8.545050,2.381191,11.544238,-8.545253,
44.533001f,2.382338,11.543119,-8.545454,2.381777,11.543666,-8.545355,2.382899,11.542573,-8.545553,
44.566002f,2.384013,11.541488,-8.545753,2.383468,11.542018,-8.545654,2.384574,11.540941,-8.545854,
44.599998f,2.385638,11.539904,-8.546049,2.385094,11.540433,-8.545949,2.386166,11.539390,-8.546146,
44.632999f,2.387212,11.538371,-8.546343,2.386701,11.538868,-8.546247,2.387722,11.537874,-8.546439,
44.666000f,2.388733,11.536889,-8.546634,2.388240,11.537370,-8.546538,2.389241,11.536394,-8.546732,
44.700001f,2.390201,11.535460,-8.546922,2.389711,11.535936,-8.546824,2.390677,11.534997,-8.547016,
44.733002f,2.391615,11.534085,-8.547207,2.391158,11.534530,-8.547113,2.392072,11.533641,-8.547300,
44.765999f,2.392973,11.532764,-8.547489,2.392534,11.533191,-8.547397,2.393425,11.532325,-8.547585,
44.799999f,2.394274,11.531500,-8.547769,2.393842,11.531919,-8.547674,2.394694,11.531093,-8.547860,
44.833000f,2.395517,11.530293,-8.548045,2.395115,11.530683,-8.547955,2.395919,11.529904,-8.548136,
44.866001f,2.396710,11.529140,-8.548318,2.396322,11.529513,-8.548229,2.397110,11.528756,-8.548409,
44.900002f,2.397868,11.528034,-8.548584,2.397480,11.528402,-8.548494,2.398244,11.527677,-8.548671,
44.932999f,2.398992,11.526975,-8.548843,2.398626,11.527317,-8.548759,2.399357,11.526632,-8.548928,
44.966000f,2.400081,11.525960,-8.549097,2.399727,11.526287,-8.549014,2.400446,11.525622,-8.549182,
45.000000f,2.401138,11.524991,-8.549345,2.400784,11.525312,-8.549262,2.401481,11.524678,-8.549426,
45.033001f,2.402161,11.524067,-8.549587,2.401828,11.524364,-8.549508,2.402493,11.523769,-8.549666,
45.066002f,2.403151,11.523187,-8.549823,2.402830,11.523470,-8.549746,2.403482,11.522895,-8.549902,
45.099998f,2.404109,11.522349,-8.550054,2.403789,11.522627,-8.549976,2.404420,11.522080,-8.550129,
45.132999f,2.405035,11.521555,-8.550278,2.404735,11.521811,-8.550204,2.405336,11.521299,-8.550351,
45.166000f,2.405930,11.520802,-8.550497,2.405640,11.521044,-8.550426,2.406228,11.520554,-8.550570,
45.200001f,2.406793,11.520093,-8.550712,2.406505,11.520328,-8.550640,2.407073,11.519865,-8.550781,
45.233002f,2.407625,11.519423,-8.550920,2.407355,11.519637,-8.550852,2.407895,11.519208,-8.550987,
45.265999f,2.408427,11.518794,-8.551123,2.408167,11.518995,-8.551057,2.408695,11.518587,-8.551190,
45.299999f,2.409198,11.518206,-8.551321,2.408941,11.518399,-8.551254,2.409448,11.518018,-8.551386,
45.333000f,2.409940,11.517654,-8.551514,2.409700,11.517830,-8.551451,2.410180,11.517479,-8.551577,
45.366001f,2.410653,11.517144,-8.551702,2.410422,11.517306,-8.551641,2.410890,11.516977,-8.551764,
45.400002f,2.411336,11.516671,-8.551885,2.411108,11.516826,-8.551824,2.411556,11.516521,-8.551945,
45.432999f,2.411990,11.516236,-8.552063,2.411779,11.516374,-8.552005,2.412202,11.516099,-8.552121,
45.466000f,2.412617,11.515839,-8.552237,2.412415,11.515965,-8.552180,2.412825,11.515709,-8.552295,
45.500000f,2.413215,11.515476,-8.552405,2.413016,11.515594,-8.552349,2.413408,11.515363,-8.552461,
45.533001f,2.413785,11.515150,-8.552569,2.413602,11.515252,-8.552516,2.413969,11.515048,-8.552623,
45.566002f,2.414329,11.514859,-8.552730,2.414154,11.514950,-8.552677,2.414509,11.514767,-8.552783,
45.599998f,2.414845,11.514603,-8.552885,2.414674,11.514684,-8.552833,2.415012,11.514524,-8.552936,
45.632999f,2.415336,11.514382,-8.553036,2.415178,11.514450,-8.552986,2.415493,11.514315,-8.553085,
45.666000f,2.415800,11.514193,-8.553183,2.415651,11.514250,-8.553135,2.415953,11.514134,-8.553232,
45.700001f,2.416238,11.514038,-8.553326,2.416093,11.514086,-8.553278,2.416378,11.513992,-8.553372,
45.733002f,2.416650,11.513914,-8.553465,2.416518,11.513949,-8.553420,2.416782,11.513879,-8.553510,
45.765999f,2.417038,11.513823,-8.553599,2.416914,11.513847,-8.553555,2.417166,11.513797,-8.553644,
45.799999f,2.417401,11.513763,-8.553731,2.417282,11.513779,-8.553687,2.417517,11.513749,-8.553774,
45.833000f,2.417740,11.513734,-8.553859,2.417632,11.513739,-8.553817,2.417848,11.513729,-8.553901,
45.866001f,2.418055,11.513735,-8.553983,2.417955,11.513730,-8.553943,2.418158,11.513741,-8.554025,
45.900002f,2.418346,11.513765,-8.554103,2.418251,11.513750,-8.554063,2.418438,11.513780,-8.554142,
45.932999f,2.418614,11.513824,-8.554220,2.418530,11.513801,-8.554182,2.418699,11.513848,-8.554258,
45.966000f,2.418859,11.513912,-8.554334,2.418782,11.513879,-8.554296,2.418939,11.513947,-8.554372,
46.000000f,2.419082,11.514027,-8.554443,2.419010,11.513983,-8.554406,2.419152,11.514070,-8.554480,
46.033001f,2.419283,11.514170,-8.554550,2.419220,11.514118,-8.554515,2.419346,11.514221,-8.554585,
46.066002f,2.419462,11.514338,-8.554655,2.419406,11.514278,-8.554622,2.419519,11.514400,-8.554690,
46.099998f,2.419620,11.514533,-8.554755,2.419570,11.514462,-8.554722,2.419668,11.514602,-8.554788,
46.132999f,2.419756,11.514753,-8.554854,2.419715,11.514677,-8.554823,2.419798,11.514830,-8.554886,
46.166000f,2.419872,11.514998,-8.554949,2.419837,11.514914,-8.554917,2.419908,11.515086,-8.554981,
46.200001f,2.419968,11.515268,-8.555042,2.419939,11.515172,-8.555011,2.419997,11.515362,-8.555073,
46.233002f,2.420044,11.515562,-8.555132,2.420022,11.515461,-8.555102,2.420066,11.515663,-8.555161,
46.265999f,2.420100,11.515879,-8.555219,2.420085,11.515771,-8.555190,2.420116,11.515990,-8.555248,
46.299999f,2.420138,11.516217,-8.555304,2.420128,11.516098,-8.555275,2.420147,11.516333,-8.555331,
46.333000f,2.420156,11.516578,-8.555387,2.420153,11.516455,-8.555360,2.420159,11.516701,-8.555413,
46.366001f,2.420156,11.516960,-8.555467,2.420159,11.516830,-8.555441,2.420153,11.517094,-8.555493,
46.400002f,2.420138,11.517365,-8.555545,2.420147,11.517224,-8.555518,2.420129,11.517501,-8.555571,
46.432999f,2.420102,11.517787,-8.555621,2.420117,11.517644,-8.555596,2.420088,11.517930,-8.555646,
46.466000f,2.420049,11.518229,-8.555695,2.420069,11.518080,-8.555671,2.420028,11.518383,-8.555719,
46.500000f,2.419979,11.518692,-8.555768,2.420006,11.518532,-8.555744,2.419953,11.518847,-8.555792,
46.533001f,2.419892,11.519174,-8.555838,2.419924,11.519012,-8.555815,2.419861,11.519335,-8.555861,
46.566002f,2.419790,11.519671,-8.555906,2.419826,11.519505,-8.555884,2.419752,11.519844,-8.555929,
46.599998f,2.419671,11.520187,-8.555973,2.419714,11.520009,-8.555950,2.419629,11.520360,-8.555995,
46.632999f,2.419537,11.520720,-8.556039,2.419583,11.520541,-8.556018,2.419490,11.520898,-8.556060,
46.666000f,2.419387,11.521269,-8.556103,2.419439,11.521085,-8.556082,2.419334,11.521458,-8.556125,
46.700001f,2.419223,11.521833,-8.556166,2.419281,11.521639,-8.556145,2.419167,11.522022,-8.556186,
46.733002f,2.419045,11.522413,-8.556227,2.419106,11.522220,-8.556207,2.418984,11.522607,-8.556247,
46.765999f,2.418853,11.523006,-8.556287,2.418918,11.522808,-8.556267,2.418785,11.523211,-8.556307,
46.799999f,2.418646,11.523614,-8.556346,2.418719,11.523405,-8.556326,2.418576,11.523817,-8.556365,
46.833000f,2.418427,11.524236,-8.556404,2.418502,11.524029,-8.556385,2.418352,11.524443,-8.556423,
46.866001f,2.418195,11.524869,-8.556461,2.418273,11.524658,-8.556442,2.418113,11.525086,-8.556480,
46.900002f,2.417950,11.525515,-8.556518,2.418035,11.525293,-8.556499,2.417867,11.525730,-8.556536,
46.932999f,2.417693,11.526173,-8.556573,2.417779,11.525953,-8.556555,2.417606,11.526392,-8.556591,
46.966000f,2.417424,11.526842,-8.556628,2.417514,11.526620,-8.556610,2.417331,11.527071,-8.556646,
47.000000f,2.417144,11.527520,-8.556683,2.417241,11.527287,-8.556664,2.417049,11.527746,-8.556701,
47.033001f,2.416852,11.528209,-8.556737,2.416950,11.527980,-8.556719,2.416754,11.528438,-8.556755,
47.066002f,2.416550,11.528907,-8.556790,2.416651,11.528675,-8.556773,2.416446,11.529145,-8.556808,
47.099998f,2.416238,11.529614,-8.556844,2.416346,11.529373,-8.556826,2.416133,11.529849,-8.556861,
47.132999f,2.415915,11.530328,-8.556897,2.416023,11.530090,-8.556880,2.415807,11.530565,-8.556914,
47.166000f,2.415583,11.531051,-8.556950,2.415694,11.530811,-8.556932,2.415469,11.531298,-8.556968,
47.200001f,2.415242,11.531779,-8.557003,2.415359,11.531530,-8.556985,2.415128,11.532021,-8.557020,
47.233002f,2.414892,11.532516,-8.557056,2.415009,11.532271,-8.557039,2.414775,11.532760,-8.557074,
47.265999f,2.414533,11.533257,-8.557109,2.414653,11.533011,-8.557092,2.414410,11.533509,-8.557127,
47.299999f,2.414166,11.534003,-8.557163,2.414292,11.533749,-8.557145,2.414044,11.534250,-8.557181,
47.333000f,2.413792,11.534755,-8.557218,2.413917,11.534506,-8.557199,2.413667,11.535004,-8.557236,
47.366001f,2.413410,11.535510,-8.557272,2.413537,11.535260,-8.557254,2.413279,11.535768,-8.557290,
47.400002f,2.413021,11.536268,-8.557326,2.413154,11.536010,-8.557307,2.412891,11.536519,-8.557344,
47.432999f,2.412625,11.537030,-8.557382,2.412756,11.536778,-8.557364,2.412493,11.537282,-8.557400,
47.466000f,2.412223,11.537794,-8.557439,2.412356,11.537541,-8.557420,2.412085,11.538054,-8.557458,
47.500000f,2.411815,11.538559,-8.557495,2.411955,11.538299,-8.557475,2.411680,11.538812,-8.557514,
47.533001f,2.411402,11.539326,-8.557554,2.411539,11.539073,-8.557535,2.411264,11.539578,-8.557573,
47.566002f,2.410983,11.540093,-8.557612,2.411122,11.539841,-8.557592,2.410840,11.540354,-8.557632,
47.599998f,2.410559,11.540860,-8.557673,2.410704,11.540600,-8.557652,2.410419,11.541113,-8.557693,
47.632999f,2.410131,11.541628,-8.557734,2.410273,11.541375,-8.557714,2.409989,11.541881,-8.557755,
47.666000f,2.409699,11.542394,-8.557797,2.409842,11.542142,-8.557776,2.409551,11.542653,-8.557819,
47.700001f,2.409263,11.543157,-8.557861,2.409412,11.542897,-8.557839,2.409118,11.543408,-8.557882,
47.733002f,2.408824,11.543919,-8.557926,2.408969,11.543668,-8.557904,2.408678,11.544169,-8.557948,
47.765999f,2.408381,11.544678,-8.557994,2.408528,11.544428,-8.557971,2.408231,11.544935,-8.558017,
47.799999f,2.407937,11.545432,-8.558063,2.408088,11.545177,-8.558039,2.407789,11.545681,-8.558085,
47.833000f,2.407489,11.546184,-8.558133,2.407637,11.545937,-8.558109,2.407341,11.546431,-8.558157,
47.866001f,2.407040,11.546929,-8.558205,2.407189,11.546684,-8.558181,2.406887,11.547182,-8.558229,
47.900002f,2.406590,11.547670,-8.558279,2.406743,11.547420,-8.558253,2.406441,11.547915,-8.558304,
47.932999f,2.406138,11.548407,-8.558355,2.406287,11.548165,-8.558330,2.405988,11.548648,-8.558381,
47.966000f,2.405685,11.549135,-8.558433,2.405834,11.548896,-8.558407,2.405531,11.549382,-8.558459,
48.000000f,2.405232,11.549858,-8.558514,2.405386,11.549614,-8.558486,2.405082,11.550096,-8.558540,
48.033001f,2.404779,11.550572,-8.558596,2.404928,11.550338,-8.558568,2.404629,11.550807,-8.558623,
48.066002f,2.404326,11.551279,-8.558681,2.404475,11.551047,-8.558652,2.404172,11.551517,-8.558710,
48.099998f,2.403874,11.551976,-8.558768,2.404027,11.551741,-8.558738,2.403725,11.552205,-8.558798,
48.132999f,2.403423,11.552666,-8.558859,2.403571,11.552440,-8.558828,2.403274,11.552892,-8.558889,
48.166000f,2.402973,11.553343,-8.558951,2.403121,11.553121,-8.558920,2.402821,11.553572,-8.558984,
48.200001f,2.402525,11.554012,-8.559047,2.402677,11.553786,-8.559014,2.402378,11.554232,-8.559078,
48.233002f,2.402079,11.554670,-8.559145,2.402226,11.554455,-8.559113,2.401933,11.554886,-8.559177,
48.265999f,2.401636,11.555316,-8.559245,2.401782,11.555105,-8.559212,2.401486,11.555533,-8.559280,
48.299999f,2.401196,11.555949,-8.559350,2.401345,11.555737,-8.559314,2.401051,11.556156,-8.559385,
48.333000f,2.400759,11.556569,-8.559457,2.400902,11.556367,-8.559421,2.400615,11.556771,-8.559493,
48.366001f,2.400325,11.557178,-8.559567,2.400467,11.556979,-8.559530,2.400178,11.557382,-8.559606,
48.400002f,2.399895,11.557771,-8.559681,2.400041,11.557571,-8.559642,2.399754,11.557964,-8.559719,
48.432999f,2.399470,11.558351,-8.559798,2.399610,11.558162,-8.559759,2.399331,11.558539,-8.559837,
48.466000f,2.399049,11.558914,-8.559918,2.399187,11.558731,-8.559878,2.398907,11.559103,-8.559960,
48.500000f,2.398634,11.559463,-8.560042,2.398774,11.559278,-8.559999,2.398498,11.559641,-8.560084,
48.533001f,2.398224,11.559995,-8.560169,2.398358,11.559822,-8.560126,2.398089,11.560167,-8.560212,
48.566002f,2.397820,11.560512,-8.560301,2.397952,11.560345,-8.560257,2.397683,11.560684,-8.560347,
48.599998f,2.397421,11.561009,-8.560436,2.397556,11.560843,-8.560390,2.397291,11.561171,-8.560481,
48.632999f,2.397030,11.561489,-8.560575,2.397158,11.561334,-8.560528,2.396902,11.561645,-8.560621,
48.666000f,2.396645,11.561952,-8.560719,2.396771,11.561803,-8.560671,2.396516,11.562105,-8.560768,
48.700001f,2.396268,11.562393,-8.560865,2.396395,11.562246,-8.560815,2.396145,11.562536,-8.560915,
48.733002f,2.395898,11.562818,-8.561017,2.396019,11.562681,-8.560966,2.395777,11.562954,-8.561068,
48.765999f,2.395536,11.563220,-8.561172,2.395654,11.563090,-8.561120,2.395415,11.563354,-8.561226,
48.799999f,2.395183,11.563602,-8.561332,2.395302,11.563477,-8.561276,2.395068,11.563725,-8.561385,
48.833000f,2.394838,11.563962,-8.561497,2.394951,11.563847,-8.561441,2.394726,11.564077,-8.561552,
48.866001f,2.394503,11.564301,-8.561666,2.394612,11.564194,-8.561609,2.394390,11.564413,-8.561724,
48.900002f,2.394177,11.564616,-8.561839,2.394286,11.564513,-8.561779,2.394071,11.564716,-8.561897,
48.932999f,2.393861,11.564909,-8.562017,2.393963,11.564816,-8.561957,2.393758,11.565001,-8.562078,
48.966000f,2.393555,11.565179,-8.562201,2.393654,11.565094,-8.562140,2.393452,11.565267,-8.562263,
49.000000f,2.393259,11.565423,-8.562388,2.393358,11.565344,-8.562324,2.393164,11.565499,-8.562451,
49.033001f,2.392975,11.565644,-8.562581,2.393067,11.565576,-8.562516,2.392883,11.565713,-8.562646,
49.066002f,2.392702,11.565839,-8.562778,2.392790,11.565779,-8.562713,2.392611,11.565901,-8.562846,
49.099998f,2.392440,11.566007,-8.562982,2.392527,11.565954,-8.562912,2.392356,11.566058,-8.563049,
49.132999f,2.392191,11.566149,-8.563190,2.392271,11.566107,-8.563121,2.392110,11.566191,-8.563260,
49.166000f,2.391954,11.566263,-8.563404,2.392030,11.566230,-8.563333,2.391875,11.566298,-8.563478,
49.200001f,2.391730,11.566351,-8.563624,2.391804,11.566326,-8.563549,2.391658,11.566375,-8.563698,
49.233002f,2.391518,11.566410,-8.563848,2.391586,11.566396,-8.563773,2.391451,11.566424,-8.563924,
49.265999f,2.391321,11.566439,-8.564079,2.391384,11.566434,-8.564002,2.391256,11.566443,-8.564158,
49.299999f,2.391137,11.566439,-8.564316,2.391197,11.566443,-8.564235,2.391079,11.566434,-8.564395,
49.333000f,2.390968,11.566410,-8.564557,2.391021,11.566425,-8.564476,2.390914,11.566395,-8.564638,
49.366001f,2.390813,11.566349,-8.564805,2.390862,11.566374,-8.564722,2.390763,11.566323,-8.564890,
49.400002f,2.390673,11.566257,-8.565059,2.390718,11.566294,-8.564971,2.390629,11.566222,-8.565144,
49.432999f,2.390548,11.566133,-8.565319,2.390587,11.566179,-8.565232,2.390510,11.566088,-8.565406,
49.466000f,2.390440,11.565977,-8.565585,2.390473,11.566034,-8.565496,2.390405,11.565918,-8.565677,
49.500000f,2.390347,11.565788,-8.565858,2.390376,11.565858,-8.565764,2.390319,11.565721,-8.565948,
49.533001f,2.390271,11.565566,-8.566136,2.390293,11.565645,-8.566043,2.390248,11.565487,-8.566230,
49.566002f,2.390211,11.565310,-8.566422,2.390228,11.565400,-8.566326,2.390194,11.565216,-8.566520,
49.599998f,2.390169,11.565018,-8.566713,2.390180,11.565123,-8.566613,2.390158,11.564916,-8.566811,
49.632999f,2.390144,11.564691,-8.567012,2.390150,11.564804,-8.566913,2.390139,11.564577,-8.567111,
49.666000f,2.390138,11.564328,-8.567317,2.390137,11.564454,-8.567215,2.390138,11.564198,-8.567422,
49.700001f,2.390149,11.563931,-8.567629,2.390142,11.564073,-8.567522,2.390156,11.563793,-8.567733,
49.733002f,2.390179,11.563495,-8.567947,2.390166,11.563644,-8.567841,2.390192,11.563345,-8.568054,
49.765999f,2.390228,11.563021,-8.568274,2.390209,11.563184,-8.568165,2.390248,11.562853,-8.568385,
49.799999f,2.390297,11.562509,-8.568606,2.390270,11.562689,-8.568492,2.390323,11.562333,-8.568717,
49.833000f,2.390385,11.561959,-8.568946,2.390353,11.562147,-8.568832,2.390418,11.561771,-8.569059,
49.866001f,2.390494,11.561368,-8.569294,2.390455,11.561569,-8.569179,2.390534,11.561161,-8.569413,
49.900002f,2.390623,11.560740,-8.569648,2.390575,11.560961,-8.569526,2.390669,11.560525,-8.569766,
49.932999f,2.390773,11.560069,-8.570011,2.390720,11.560297,-8.569890,2.390826,11.559841,-8.570132,
49.966000f,2.390943,11.559358,-8.570380,2.390883,11.559599,-8.570257,2.391005,11.559109,-8.570507,
50.000000f,2.391136,11.558604,-8.570758,2.391067,11.558867,-8.570628,2.391203,11.558349,-8.570884,
50.033001f,2.391351,11.557810,-8.571142,2.391276,11.558080,-8.571013,2.391425,11.557540,-8.571271,
50.066002f,2.391587,11.556972,-8.571535,2.391506,11.557255,-8.571404,2.391672,11.556680,-8.571671,
50.099998f,2.391847,11.556091,-8.571937,2.391755,11.556398,-8.571799,2.391937,11.555794,-8.572070,
50.132999f,2.392130,11.555165,-8.572345,2.392033,11.555478,-8.572208,2.392227,11.554852,-8.572481,
50.166000f,2.392436,11.554195,-8.572762,2.392331,11.554523,-8.572622,2.392544,11.553858,-8.572905,
50.200001f,2.392766,11.553181,-8.573187,2.392649,11.553534,-8.573041,2.392878,11.552838,-8.573328,
50.233002f,2.393120,11.552120,-8.573620,2.392999,11.552478,-8.573476,2.393240,11.551763,-8.573764,
50.265999f,2.393498,11.551013,-8.574061,2.393369,11.551386,-8.573915,2.393631,11.550629,-8.574213,
50.299999f,2.393901,11.549859,-8.574512,2.393760,11.550260,-8.574357,2.394039,11.549471,-8.574661,
50.333000f,2.394330,11.548658,-8.574970,2.394185,11.549063,-8.574818,2.394476,11.548254,-8.575123,
50.366001f,2.394784,11.547409,-8.575438,2.394630,11.547830,-8.575282,2.394943,11.546976,-8.575598,
50.400002f,2.395265,11.546112,-8.575913,2.395097,11.546561,-8.575750,2.395428,11.545675,-8.576072,
50.432999f,2.395772,11.544765,-8.576398,2.395600,11.545218,-8.576237,2.395943,11.544312,-8.576559,
50.466000f,2.396305,11.543367,-8.576892,2.396124,11.543837,-8.576728,2.396491,11.542884,-8.577062,
50.500000f,2.396865,11.541921,-8.577394,2.396670,11.542421,-8.577222,2.397055,11.541435,-8.577561,
50.533001f,2.397453,11.540423,-8.577906,2.397255,11.540926,-8.577735,2.397652,11.539921,-8.578076,
50.566002f,2.398069,11.538875,-8.578427,2.397861,11.539394,-8.578254,2.398283,11.538339,-8.578606,
50.599998f,2.398713,11.537272,-8.578957,2.398489,11.537826,-8.578774,2.398930,11.536736,-8.579133,
50.632999f,2.399385,11.535619,-8.579496,2.399159,11.536174,-8.579317,2.399612,11.535064,-8.579676,
50.666000f,2.400087,11.533911,-8.580046,2.399851,11.534483,-8.579863,2.400331,11.533321,-8.580234,
50.700001f,2.400818,11.532150,-8.580604,2.400564,11.532758,-8.580412,2.401064,11.531560,-8.580790,
50.733002f,2.401578,11.530335,-8.581172,2.401322,11.530944,-8.580983,2.401834,11.529728,-8.581361,
50.765999f,2.402369,11.528465,-8.581750,2.402103,11.529092,-8.581557,2.402643,11.527820,-8.581948,
50.799999f,2.403189,11.526539,-8.582337,2.402905,11.527204,-8.582136,2.403465,11.525894,-8.582533,
50.833000f,2.404041,11.524556,-8.582935,2.403755,11.525220,-8.582737,2.404327,11.523892,-8.583134,
50.866001f,2.404924,11.522518,-8.583542,2.404622,11.523206,-8.583331,2.405235,11.521810,-8.583759,
50.900002f,2.405871,11.520388,-8.584213,2.405524,11.521143,-8.583950,2.406208,11.519655,-8.584469,
50.932999f,2.406966,11.518077,-8.585090,2.406581,11.518869,-8.584767,2.407352,11.517284,-8.585412,
50.966000f,2.408208,11.515584,-8.586166,2.407775,11.516435,-8.585780,2.408654,11.514708,-8.586565,
51.000000f,2.409590,11.512918,-8.587433,2.409098,11.513853,-8.586972,2.410068,11.512012,-8.587880,
51.033001f,2.411104,11.510085,-8.588879,2.410584,11.511046,-8.588374,2.411625,11.509124,-8.589383,
51.066002f,2.412744,11.507091,-8.590491,2.412184,11.508104,-8.589933,2.413322,11.506046,-8.591065,
51.099998f,2.414503,11.503942,-8.592258,2.413886,11.505037,-8.591633,2.415102,11.502878,-8.592866,
51.132999f,2.416373,11.500643,-8.594171,2.415738,11.501755,-8.593517,2.417007,11.499531,-8.594824,
51.166000f,2.418346,11.497205,-8.596215,2.417679,11.498362,-8.595521,2.419034,11.496013,-8.596931,
51.200001f,2.420417,11.493630,-8.598382,2.419698,11.494867,-8.597627,2.421116,11.492430,-8.599114,
51.233002f,2.422579,11.489926,-8.600657,2.421852,11.491169,-8.599891,2.423305,11.488685,-8.601424,
51.265999f,2.424823,11.486101,-8.603031,2.424070,11.487383,-8.602234,2.425598,11.484781,-8.603853,
51.299999f,2.427143,11.482160,-8.605493,2.426342,11.483519,-8.604643,2.427920,11.480841,-8.606317,
51.333000f,2.429532,11.478107,-8.608028,2.428733,11.479462,-8.607181,2.430330,11.476753,-8.608876,
51.366001f,2.431982,11.473953,-8.610628,2.431165,11.475340,-8.609761,2.432824,11.472525,-8.611521,
51.400002f,2.434487,11.469703,-8.613281,2.433628,11.471163,-8.612372,2.435322,11.468286,-8.614163,
51.432999f,2.437040,11.465363,-8.615975,2.436191,11.466808,-8.615082,2.437889,11.463917,-8.616869,
51.466000f,2.439633,11.460938,-8.618698,2.438772,11.462411,-8.617797,2.440521,11.459421,-8.619627,
51.500000f,2.442260,11.456436,-8.621440,2.441362,11.457978,-8.620506,2.443131,11.454939,-8.622346,
51.533001f,2.444913,11.451865,-8.624188,2.444034,11.453384,-8.623282,2.445791,11.450346,-8.625094,
51.566002f,2.447585,11.447227,-8.626932,2.446701,11.448767,-8.626030,2.448495,11.445642,-8.627862,
51.599998f,2.450269,11.442533,-8.629660,2.449356,11.444138,-8.628737,2.451156,11.440976,-8.630555,
51.632999f,2.452958,11.437788,-8.632360,2.452071,11.439362,-8.631475,2.453846,11.436214,-8.633244,
51.666000f,2.455646,11.432997,-8.635020,2.454761,11.434584,-8.634151,2.456558,11.431361,-8.635917,
51.700001f,2.458324,11.428167,-8.637630,2.457416,11.429814,-8.636754,2.459205,11.426569,-8.638481,
51.733002f,2.460986,11.423306,-8.640179,2.460111,11.424914,-8.639350,2.461860,11.421699,-8.641007,
51.765999f,2.463624,11.418420,-8.642653,2.462759,11.420035,-8.641850,2.464516,11.416756,-8.643480,
51.799999f,2.466233,11.413514,-8.645043,2.465353,11.415184,-8.644247,2.467087,11.411893,-8.645816,
51.833000f,2.468803,11.408596,-8.647338,2.467963,11.410220,-8.646599,2.469644,11.406972,-8.648077,
51.866001f,2.471330,11.403670,-8.649523,2.470505,11.405295,-8.648821,2.472180,11.401996,-8.650246,
51.900002f,2.473804,11.398746,-8.651590,2.472973,11.400419,-8.650909,2.474611,11.397123,-8.652251,
51.932999f,2.476220,11.393829,-8.653526,2.475434,11.395450,-8.652911,2.477007,11.392209,-8.654141,
51.966000f,2.478570,11.388925,-8.655320,2.477807,11.390540,-8.654754,2.479357,11.387260,-8.655904,
52.000000f,2.480848,11.384039,-8.656960,2.480087,11.385695,-8.656431,2.481586,11.382431,-8.657475,
52.033001f,2.483045,11.379181,-8.658437,2.482334,11.380779,-8.657979,2.483756,11.377583,-8.658895,
52.066002f,2.485155,11.374354,-8.659736,2.484474,11.375940,-8.659338,2.485857,11.372721,-8.660146,
52.099998f,2.487171,11.369566,-8.660847,2.486503,11.371185,-8.660502,2.487820,11.367993,-8.661180,
52.132999f,2.489086,11.364825,-8.661758,2.488472,11.366382,-8.661492,2.489700,11.363269,-8.662024,
52.166000f,2.490893,11.360135,-8.662460,2.490316,11.361673,-8.662266,2.491487,11.358550,-8.662661,
52.200001f,2.492584,11.355503,-8.662939,2.492030,11.357067,-8.662816,2.493122,11.353986,-8.663058,
52.233002f,2.494152,11.350936,-8.663184,2.493656,11.352431,-8.663144,2.494648,11.349441,-8.663224,
52.265999f,2.495592,11.346440,-8.663184,2.495139,11.347911,-8.663226,2.496058,11.344925,-8.663140,
52.299999f,2.496894,11.342023,-8.662929,2.496475,11.343511,-8.663061,2.497300,11.340579,-8.662800,
52.333000f,2.498053,11.337689,-8.662403,2.497695,11.339105,-8.662622,2.498410,11.336274,-8.662184,
52.366001f,2.499060,11.333446,-8.661599,2.498754,11.334829,-8.661912,2.499376,11.332020,-8.661277,
52.400002f,2.499910,11.329299,-8.660505,2.499650,11.330691,-8.660929,2.500164,11.327949,-8.660094,
52.432999f,2.500595,11.325257,-8.659107,2.500398,11.326573,-8.659620,2.500793,11.323941,-8.658594,
52.466000f,2.501108,11.321324,-8.657396,2.500968,11.322603,-8.658014,2.501252,11.320007,-8.656759,
52.500000f,2.501442,11.317509,-8.655360,2.501360,11.318786,-8.656110,2.501521,11.316270,-8.654633,
52.533001f,2.501590,11.313814,-8.652987,2.501573,11.315011,-8.653828,2.501606,11.312617,-8.652147,
52.566002f,2.501544,11.310251,-8.650267,2.501592,11.311405,-8.651224,2.501494,11.309063,-8.649281,
52.599998f,2.501297,11.306822,-8.647186,2.501416,11.307963,-8.648296,2.501182,11.305714,-8.646109,
52.632999f,2.500844,11.303537,-8.643734,2.501029,11.304597,-8.644936,2.500658,11.302478,-8.642532,
52.666000f,2.500175,11.300399,-8.639900,2.500438,11.301418,-8.641250,2.499904,11.299349,-8.638510,
52.700001f,2.499252,11.297360,-8.635552,2.499617,11.298392,-8.637149,2.498897,11.296359,-8.634004,
52.733002f,2.498023,11.294331,-8.630510,2.498477,11.295328,-8.632283,2.497570,11.293333,-8.628737,
52.765999f,2.496502,11.291312,-8.624804,2.497050,11.292306,-8.626792,2.495937,11.290288,-8.622756,
52.799999f,2.494700,11.288306,-8.618462,2.495358,11.289326,-8.620721,2.494061,11.287317,-8.616268,
52.833000f,2.492629,11.285316,-8.611512,2.493355,11.286300,-8.613900,2.491904,11.284331,-8.609124,
52.866001f,2.490302,11.282340,-8.603986,2.491110,11.283319,-8.606560,2.489470,11.281332,-8.601334,
52.900002f,2.487731,11.279384,-8.595912,2.488645,11.280385,-8.598744,2.486845,11.278412,-8.593163,
52.932999f,2.484929,11.276446,-8.587321,2.485890,11.277411,-8.590237,2.483968,11.275481,-8.584406,
52.966000f,2.481908,11.273531,-8.578241,2.482939,11.274489,-8.581313,2.480845,11.272544,-8.575077,
53.000000f,2.478679,11.270639,-8.568704,2.479810,11.271618,-8.572020,2.477582,11.269690,-8.565486,
53.033001f,2.475256,11.267774,-8.558737,2.476415,11.268715,-8.562092,2.474096,11.266832,-8.555382,
53.066002f,2.471650,11.264935,-8.548370,2.472868,11.265867,-8.551852,2.470396,11.263975,-8.544784,
53.099998f,2.467874,11.262125,-8.537635,2.469185,11.263075,-8.541342,2.466602,11.261203,-8.534037,
53.132999f,2.463941,11.259345,-8.526559,2.465263,11.260257,-8.530265,2.462619,11.258433,-8.522853,
53.166000f,2.459862,11.256598,-8.515172,2.461230,11.257499,-8.518975,2.458452,11.255671,-8.511253,
53.200001f,2.455650,11.253888,-8.503505,2.457102,11.254804,-8.507514,2.454240,11.252999,-8.499614,
53.233002f,2.451316,11.251212,-8.491586,2.452764,11.252089,-8.495555,2.449869,11.250336,-8.487617,
53.265999f,2.446875,11.248575,-8.479445,2.448356,11.249438,-8.483482,2.445349,11.247685,-8.475286,
53.299999f,2.442337,11.245977,-8.467113,2.443894,11.246853,-8.471333,2.440825,11.245128,-8.463017,
53.333000f,2.437715,11.243423,-8.454618,2.439252,11.244259,-8.458763,2.436177,11.242586,-8.450474,
53.366001f,2.433021,11.240911,-8.441990,2.434579,11.241732,-8.446174,2.431415,11.240064,-8.437679,
53.400002f,2.428268,11.238443,-8.429259,2.429892,11.239274,-8.433600,2.426692,11.237638,-8.425047,
53.432999f,2.423467,11.236025,-8.416454,2.425057,11.236814,-8.420687,2.421878,11.235235,-8.412222,
53.466000f,2.418633,11.233655,-8.403605,2.420232,11.234428,-8.407847,2.416985,11.232858,-8.399235,
53.500000f,2.413775,11.231336,-8.390742,2.415428,11.232115,-8.395113,2.412170,11.230579,-8.386500,
53.533001f,2.408907,11.229070,-8.377894,2.410513,11.229809,-8.382127,2.407301,11.228331,-8.373662,
53.566002f,2.404041,11.226857,-8.365090,2.405644,11.227578,-8.369303,2.402390,11.226115,-8.360750,
53.599998f,2.399190,11.224702,-8.352362,2.400835,11.225425,-8.356671,2.397593,11.224000,-8.348179,
53.632999f,2.394365,11.222605,-8.339736,2.395951,11.223287,-8.343880,2.392780,11.221923,-8.335592,
53.666000f,2.389580,11.220569,-8.327245,2.391150,11.221231,-8.331340,2.387961,11.219887,-8.323026,
53.700001f,2.384845,11.218594,-8.314917,2.386444,11.219254,-8.319076,2.383293,11.217953,-8.310881,
53.733002f,2.380174,11.216681,-8.302780,2.381703,11.217301,-8.306748,2.378646,11.216062,-8.298813,
53.765999f,2.375579,11.214835,-8.290867,2.377081,11.215433,-8.294756,2.374032,11.214219,-8.286860,
53.799999f,2.371073,11.213057,-8.279205,2.372588,11.213650,-8.283122,2.369602,11.212481,-8.275404,
53.833000f,2.366666,11.211348,-8.267826,2.368102,11.211900,-8.271530,2.365231,11.210795,-8.264122,
53.866001f,2.362373,11.209708,-8.256758,2.363769,11.210237,-8.260354,2.360934,11.209164,-8.253053,
53.900002f,2.358204,11.208143,-8.246030,2.359598,11.208663,-8.249614,2.356852,11.207639,-8.242552,
53.932999f,2.354173,11.206652,-8.235672,2.355479,11.207131,-8.239023,2.352868,11.206172,-8.232320,
53.966000f,2.350292,11.205236,-8.225715,2.351546,11.205690,-8.228930,2.349000,11.204769,-8.222403,
54.000000f,2.346572,11.203901,-8.216187,2.347807,11.204342,-8.219348,2.345374,11.203473,-8.213119,
54.033001f,2.343027,11.202643,-8.207118,2.344167,11.203045,-8.210030,2.341888,11.202242,-8.204206,
54.066002f,2.339669,11.201469,-8.198538,2.340744,11.201843,-8.201283,2.338561,11.201084,-8.195709,
54.099998f,2.336509,11.200379,-8.190476,2.337547,11.200736,-8.193124,2.335501,11.200033,-8.187906,
54.132999f,2.333560,11.199373,-8.182963,2.334496,11.199691,-8.185348,2.332624,11.199056,-8.180579,
54.166000f,2.330835,11.198457,-8.176027,2.331696,11.198745,-8.178216,2.329949,11.198160,-8.173773,
54.200001f,2.328346,11.197628,-8.169699,2.329150,11.197894,-8.171742,2.327565,11.197370,-8.167715,
54.233002f,2.326104,11.196891,-8.164007,2.326801,11.197119,-8.165775,2.325408,11.196663,-8.162239,
54.265999f,2.324123,11.196246,-8.158981,2.324732,11.196444,-8.160524,2.323496,11.196043,-8.157392,
54.299999f,2.322415,11.195696,-8.154652,2.322947,11.195867,-8.156000,2.321898,11.195530,-8.153343,
54.333000f,2.320992,11.195241,-8.151049,2.321412,11.195374,-8.152113,2.320571,11.195107,-8.149984,
54.366001f,2.319865,11.194887,-8.148199,2.320186,11.194987,-8.149010,2.319535,11.194783,-8.147364,
54.400002f,2.319049,11.194633,-8.146135,2.319272,11.194702,-8.146699,2.318832,11.194565,-8.145589,
54.432999f,2.318554,11.194478,-8.144886,2.318662,11.194511,-8.145159,2.318446,11.194445,-8.144613,
54.466000f,2.318393,11.194429,-8.144481,2.318420,11.194437,-8.144547,2.318366,11.194421,-8.144412,
54.500000f,2.318393,11.194429,-8.144481,2.318393,11.194429,-8.144481,2.318393,11.194429,-8.144481,
57.966000f,2.318393,11.194429,-8.144481,2.318393,11.194429,-8.144481,2.318393,11.194429,-8.144481,
57.986000f,-4.597891,13.208235,-8.755268,-4.597891,13.208235,-8.755268,-4.597891,13.208235,-8.755268,
61.533001f,-4.597891,13.208235,-8.755268,-4.597891,13.208235,-8.755268,-4.597891,13.208235,-8.755268,
61.553001f,4.102733,10.995152,-8.068292,4.102733,10.995152,-8.068292,4.102733,10.995152,-8.068292,
66.799004f,4.102733,10.995152,-8.068292,4.102733,10.995152,-8.068292,4.102733,10.995152,-8.068292,
66.800003f,-4.616342,13.208893,-8.798852,-4.616342,13.208893,-8.798852,-4.616342,13.208893,-8.798852,
68.466003f,-4.616342,13.208893,-8.798852,-4.616342,13.208893,-8.798852,-4.616342,13.208893,-8.798852,
68.486000f,4.458336,6.908221,-8.952414,4.458336,6.908221,-8.952414,4.458336,6.908221,-8.952414,
68.500000f,4.458336,6.908221,-8.952414,4.458336,6.908221,-8.952414,4.458336,6.908221,-8.952414,
69.666000f,4.458336,6.908221,-8.952414,4.458336,6.908221,-8.952414,4.458336,6.908221,-8.952414,
69.699997f,4.458336,6.908221,-8.952414,4.458336,6.908221,-8.952414,4.458336,6.908221,-8.952414,
;
458,
0.000000f,5.375908,10.149545,-7.482522,5.375908,10.149545,-7.482522,5.375908,10.149545,-7.482522,
39.566002f,5.375908,10.149545,-7.482522,5.375908,10.149545,-7.482522,5.375908,10.149545,-7.482522,
39.586002f,-0.079077,9.509216,-8.409340,-0.079077,9.509216,-8.409340,-0.079077,9.509216,-8.409340,
39.733002f,-0.079077,9.509216,-8.409340,-0.079077,9.509216,-8.409340,-0.079077,9.509216,-8.409340,
39.765999f,-0.079077,9.509216,-8.409340,-0.079074,9.509214,-8.409339,-0.079079,9.509218,-8.409341,
39.799999f,-0.079090,9.509226,-8.409343,-0.079073,9.509214,-8.409339,-0.079107,9.509237,-8.409346,
39.833000f,-0.079177,9.509286,-8.409360,-0.079135,9.509257,-8.409351,-0.079219,9.509315,-8.409369,
39.866001f,-0.079343,9.509400,-8.409393,-0.079276,9.509354,-8.409380,-0.079413,9.509449,-8.409407,
39.900002f,-0.079588,9.509571,-8.409441,-0.079492,9.509503,-8.409422,-0.079681,9.509637,-8.409459,
39.932999f,-0.079909,9.509798,-8.409506,-0.079791,9.509714,-8.409482,-0.080028,9.509882,-8.409530,
39.966000f,-0.080305,9.510080,-8.409585,-0.080163,9.509978,-8.409556,-0.080453,9.510186,-8.409615,
40.000000f,-0.080775,9.510419,-8.409678,-0.080603,9.510294,-8.409644,-0.080942,9.510540,-8.409712,
40.033001f,-0.081317,9.510813,-8.409788,-0.081126,9.510674,-8.409750,-0.081507,9.510952,-8.409826,
40.066002f,-0.081929,9.511263,-8.409912,-0.081716,9.511106,-8.409868,-0.082149,9.511425,-8.409957,
40.099998f,-0.082611,9.511768,-8.410051,-0.082368,9.511587,-8.410002,-0.082847,9.511945,-8.410100,
40.132999f,-0.083360,9.512330,-8.410204,-0.083102,9.512136,-8.410151,-0.083618,9.512525,-8.410256,
40.166000f,-0.084175,9.512948,-8.410372,-0.083895,9.512735,-8.410315,-0.084463,9.513167,-8.410431,
40.200001f,-0.085054,9.513621,-8.410553,-0.084744,9.513383,-8.410489,-0.085355,9.513853,-8.410615,
40.233002f,-0.085997,9.514352,-8.410748,-0.085675,9.514102,-8.410682,-0.086318,9.514602,-8.410815,
40.265999f,-0.087001,9.515138,-8.410958,-0.086660,9.514869,-8.410887,-0.087352,9.515414,-8.411032,
40.299999f,-0.088065,9.515980,-8.411181,-0.087693,9.515684,-8.411103,-0.088426,9.516267,-8.411258,
40.333000f,-0.089188,9.516878,-8.411418,-0.088808,9.516572,-8.411338,-0.089567,9.517184,-8.411498,
40.366001f,-0.090367,9.517833,-8.411668,-0.089969,9.517509,-8.411583,-0.090778,9.518167,-8.411755,
40.400002f,-0.091603,9.518845,-8.411931,-0.091173,9.518491,-8.411839,-0.092019,9.519188,-8.412020,
40.432999f,-0.092892,9.519912,-8.412207,-0.092458,9.519550,-8.412113,-0.093326,9.520273,-8.412300,
40.466000f,-0.094234,9.521036,-8.412496,-0.093782,9.520656,-8.412398,-0.094699,9.521428,-8.412596,
40.500000f,-0.095627,9.522217,-8.412798,-0.095145,9.521806,-8.412693,-0.096094,9.522615,-8.412900,
40.533001f,-0.097069,9.523453,-8.413112,-0.096585,9.523035,-8.413006,-0.097553,9.523870,-8.413218,
40.566002f,-0.098559,9.524747,-8.413438,-0.098060,9.524311,-8.413328,-0.099074,9.525196,-8.413551,
40.599998f,-0.100096,9.526097,-8.413776,-0.099566,9.525629,-8.413659,-0.100611,9.526552,-8.413890,
40.632999f,-0.101678,9.527504,-8.414127,-0.101149,9.527030,-8.414010,-0.102207,9.527978,-8.414245,
40.666000f,-0.103304,9.528968,-8.414490,-0.102760,9.528476,-8.414369,-0.103863,9.529475,-8.414615,
40.700001f,-0.104971,9.530488,-8.414865,-0.104397,9.529962,-8.414736,-0.105528,9.530999,-8.414989,
40.733002f,-0.106679,9.532065,-8.415250,-0.106109,9.531535,-8.415121,-0.107249,9.532595,-8.415379,
40.765999f,-0.108426,9.533699,-8.415648,-0.107843,9.533151,-8.415515,-0.109026,9.534265,-8.415785,
40.799999f,-0.110211,9.535390,-8.416056,-0.109598,9.534805,-8.415915,-0.110805,9.535957,-8.416192,
40.833000f,-0.112031,9.537138,-8.416475,-0.111425,9.536551,-8.416335,-0.112638,9.537724,-8.416615,
40.866001f,-0.113886,9.538942,-8.416906,-0.113269,9.538338,-8.416762,-0.114522,9.539566,-8.417054,
40.900002f,-0.115774,9.540804,-8.417347,-0.115127,9.540161,-8.417195,-0.116402,9.541428,-8.417494,
40.932999f,-0.117694,9.542723,-8.417798,-0.117055,9.542080,-8.417647,-0.118332,9.543365,-8.417949,
40.966000f,-0.119643,9.544699,-8.418261,-0.118995,9.544037,-8.418106,-0.120311,9.545381,-8.418420,
41.000000f,-0.121621,9.546732,-8.418733,-0.120944,9.546031,-8.418571,-0.122279,9.547412,-8.418890,
41.033001f,-0.123626,9.548822,-8.419215,-0.122961,9.548123,-8.419054,-0.124292,9.549521,-8.419376,
41.066002f,-0.125657,9.550970,-8.419707,-0.124983,9.550252,-8.419543,-0.126351,9.551710,-8.419876,
41.099998f,-0.127712,9.553175,-8.420210,-0.127009,9.552416,-8.420037,-0.128393,9.553912,-8.420377,
41.132999f,-0.129789,9.555437,-8.420721,-0.129100,9.554681,-8.420550,-0.130477,9.556193,-8.420892,
41.166000f,-0.131887,9.557757,-8.421243,-0.131191,9.556982,-8.421069,-0.132603,9.558556,-8.421421,
41.200001f,-0.134004,9.560134,-8.421773,-0.133281,9.559316,-8.421591,-0.134706,9.560927,-8.421949,
41.233002f,-0.136140,9.562569,-8.422313,-0.135432,9.561756,-8.422133,-0.136847,9.563381,-8.422492,
41.265999f,-0.138292,9.565061,-8.422860,-0.137579,9.564229,-8.422678,-0.139026,9.565918,-8.423048,
41.299999f,-0.140459,9.567611,-8.423418,-0.139720,9.566734,-8.423227,-0.141176,9.568461,-8.423603,
41.333000f,-0.142639,9.570218,-8.423984,-0.141918,9.569348,-8.423796,-0.143361,9.571088,-8.424171,
41.366001f,-0.144832,9.572883,-8.424558,-0.144107,9.571994,-8.424367,-0.145579,9.573798,-8.424754,
41.400002f,-0.147035,9.575605,-8.425140,-0.146284,9.574670,-8.424941,-0.147763,9.576513,-8.425334,
41.432999f,-0.149247,9.578386,-8.425732,-0.148516,9.577459,-8.425535,-0.149978,9.579313,-8.425928,
41.466000f,-0.151466,9.581224,-8.426330,-0.150733,9.580278,-8.426131,-0.152222,9.582199,-8.426535,
41.500000f,-0.153692,9.584121,-8.426936,-0.152934,9.583126,-8.426728,-0.154427,9.585086,-8.427137,
41.533001f,-0.155921,9.587075,-8.427550,-0.155185,9.586091,-8.427346,-0.156658,9.588059,-8.427754,
41.566002f,-0.158154,9.590087,-8.428172,-0.157417,9.589084,-8.427966,-0.158914,9.591121,-8.428385,
41.599998f,-0.160389,9.593157,-8.428802,-0.159629,9.592103,-8.428587,-0.161126,9.594179,-8.429010,
41.632999f,-0.162623,9.596285,-8.429437,-0.161886,9.595243,-8.429226,-0.163360,9.597326,-8.429647,
41.666000f,-0.164856,9.599471,-8.430080,-0.164119,9.598411,-8.429867,-0.165614,9.600564,-8.430300,
41.700001f,-0.167085,9.602715,-8.430730,-0.166328,9.601603,-8.430508,-0.167821,9.603796,-8.430945,
41.733002f,-0.169311,9.606018,-8.431387,-0.168577,9.604918,-8.431170,-0.170044,9.607118,-8.431604,
41.765999f,-0.171530,9.609379,-8.432050,-0.170799,9.608260,-8.431830,-0.172283,9.610531,-8.432276,
41.799999f,-0.173742,9.612797,-8.432719,-0.172990,9.611624,-8.432490,-0.174471,9.613935,-8.432941,
41.833000f,-0.175949,9.616280,-8.433395,-0.175214,9.615112,-8.433168,-0.176684,9.617447,-8.433622,
41.866001f,-0.178198,9.619873,-8.434093,-0.177447,9.618668,-8.433859,-0.178972,9.621116,-8.434333,
41.900002f,-0.180501,9.623588,-8.434811,-0.179709,9.622305,-8.434563,-0.181269,9.624833,-8.435051,
41.932999f,-0.182855,9.627421,-8.435551,-0.182070,9.626138,-8.435303,-0.183640,9.628705,-8.435799,
41.966000f,-0.185259,9.631370,-8.436312,-0.184458,9.630048,-8.436057,-0.186085,9.632731,-8.436574,
42.000000f,-0.187712,9.635432,-8.437093,-0.186870,9.634033,-8.436824,-0.188529,9.636790,-8.437354,
42.033001f,-0.190213,9.639603,-8.437894,-0.189380,9.638208,-8.437626,-0.191045,9.640997,-8.438162,
42.066002f,-0.192759,9.643881,-8.438714,-0.191911,9.642452,-8.438440,-0.193632,9.645353,-8.438996,
42.099998f,-0.195351,9.648264,-8.439554,-0.194462,9.646757,-8.439265,-0.196213,9.649727,-8.439835,
42.132999f,-0.197985,9.652747,-8.440412,-0.197109,9.651252,-8.440125,-0.198862,9.654243,-8.440698,
42.166000f,-0.200662,9.657330,-8.441287,-0.199772,9.655802,-8.440995,-0.201579,9.658903,-8.441587,
42.200001f,-0.203380,9.662006,-8.442180,-0.202450,9.660400,-8.441874,-0.204283,9.663565,-8.442477,
42.233002f,-0.206137,9.666777,-8.443089,-0.205221,9.665188,-8.442787,-0.207053,9.668365,-8.443392,
42.265999f,-0.208932,9.671637,-8.444015,-0.208004,9.670019,-8.443707,-0.209889,9.673304,-8.444332,
42.299999f,-0.211764,9.676583,-8.444955,-0.210795,9.674888,-8.444633,-0.212704,9.678229,-8.445268,
42.333000f,-0.214631,9.681614,-8.445911,-0.213680,9.679940,-8.445594,-0.215583,9.683288,-8.446229,
42.366001f,-0.217532,9.686726,-8.446881,-0.216570,9.685026,-8.446559,-0.218524,9.688477,-8.447213,
42.400002f,-0.220466,9.691916,-8.447865,-0.219463,9.690139,-8.447529,-0.221439,9.693642,-8.448193,
42.432999f,-0.223431,9.697182,-8.448863,-0.222448,9.695433,-8.448532,-0.224414,9.698931,-8.449194,
42.466000f,-0.226426,9.702520,-8.449874,-0.225433,9.700747,-8.449538,-0.227449,9.704347,-8.450219,
42.500000f,-0.229449,9.707929,-8.450896,-0.228417,9.706079,-8.450546,-0.230452,9.709724,-8.451236,
42.533001f,-0.232500,9.713403,-8.451930,-0.231489,9.711586,-8.451587,-0.233511,9.715219,-8.452273,
42.566002f,-0.235577,9.718942,-8.452976,-0.234557,9.717104,-8.452629,-0.236627,9.720835,-8.453334,
42.599998f,-0.238678,9.724542,-8.454032,-0.237620,9.722629,-8.453671,-0.239705,9.726399,-8.454382,
42.632999f,-0.241802,9.730200,-8.455098,-0.240767,9.728324,-8.454744,-0.242836,9.732076,-8.455452,
42.666000f,-0.244948,9.735913,-8.456174,-0.243906,9.734019,-8.455817,-0.246021,9.737864,-8.456541,
42.700001f,-0.248114,9.741680,-8.457258,-0.247035,9.739712,-8.456888,-0.249162,9.743591,-8.457618,
42.733002f,-0.251300,9.747496,-8.458351,-0.250246,9.745569,-8.457989,-0.252354,9.749422,-8.458714,
42.765999f,-0.254503,9.753359,-8.459453,-0.253444,9.751417,-8.459088,-0.255595,9.755360,-8.459828,
42.799999f,-0.257723,9.759265,-8.460561,-0.256626,9.757250,-8.460183,-0.258788,9.761221,-8.460928,
42.833000f,-0.260958,9.765213,-8.461676,-0.259888,9.763244,-8.461307,-0.262027,9.767182,-8.462045,
42.866001f,-0.264206,9.771198,-8.462797,-0.263132,9.769217,-8.462426,-0.265313,9.773239,-8.463180,
42.900002f,-0.267467,9.777220,-8.463923,-0.266357,9.775167,-8.463539,-0.268545,9.779212,-8.464296,
42.932999f,-0.270739,9.783273,-8.465056,-0.269658,9.781271,-8.464683,-0.271820,9.785275,-8.465430,
42.966000f,-0.274020,9.789356,-8.466192,-0.272936,9.787344,-8.465816,-0.275137,9.791429,-8.466579,
43.000000f,-0.277310,9.795466,-8.467333,-0.276190,9.793386,-8.466945,-0.278397,9.797486,-8.467710,
43.033001f,-0.280607,9.801600,-8.468477,-0.279518,9.799573,-8.468100,-0.281695,9.803628,-8.468855,
43.066002f,-0.283909,9.807755,-8.469625,-0.282818,9.805721,-8.469247,-0.285032,9.809851,-8.470016,
43.099998f,-0.287215,9.813929,-8.470775,-0.286091,9.811828,-8.470384,-0.288307,9.815969,-8.471154,
43.132999f,-0.290525,9.820117,-8.471926,-0.289432,9.818073,-8.471545,-0.291617,9.822161,-8.472306,
43.166000f,-0.293835,9.826318,-8.473079,-0.292743,9.824270,-8.472698,-0.294961,9.828427,-8.473471,
43.200001f,-0.297146,9.832528,-8.474233,-0.296021,9.830416,-8.473841,-0.298239,9.834579,-8.474613,
43.233002f,-0.300456,9.838745,-8.475387,-0.299364,9.836693,-8.475006,-0.301548,9.840797,-8.475767,
43.265999f,-0.303764,9.844967,-8.476540,-0.302673,9.842915,-8.476159,-0.304887,9.847082,-8.476932,
43.299999f,-0.307067,9.851189,-8.477692,-0.305945,9.849073,-8.477300,-0.308156,9.853242,-8.478072,
43.333000f,-0.310365,9.857409,-8.478843,-0.309278,9.855357,-8.478463,-0.311452,9.859460,-8.479222,
43.366001f,-0.313657,9.863624,-8.479993,-0.312572,9.861574,-8.479614,-0.314774,9.865735,-8.480383,
43.400002f,-0.316940,9.869832,-8.481139,-0.315826,9.867723,-8.480750,-0.318022,9.871879,-8.481517,
43.432999f,-0.320215,9.876029,-8.482284,-0.319136,9.873986,-8.481907,-0.321293,9.878072,-8.482660,
43.466000f,-0.323478,9.882213,-8.483423,-0.322403,9.880175,-8.483047,-0.324586,9.884313,-8.483810,
43.500000f,-0.326730,9.888380,-8.484559,-0.325627,9.886287,-8.484174,-0.327801,9.890412,-8.484933,
43.533001f,-0.329968,9.894529,-8.485690,-0.328902,9.892504,-8.485318,-0.331035,9.896555,-8.486062,
43.566002f,-0.333192,9.900656,-8.486816,-0.332131,9.898638,-8.486445,-0.334285,9.902734,-8.487198,
43.599998f,-0.336400,9.906757,-8.487936,-0.335312,9.904688,-8.487556,-0.337455,9.908766,-8.488304,
43.632999f,-0.339590,9.912832,-8.489050,-0.338540,9.910833,-8.488684,-0.340640,9.914831,-8.489416,
43.666000f,-0.342761,9.918876,-8.490157,-0.341718,9.916887,-8.489793,-0.343836,9.920925,-8.490532,
43.700001f,-0.345913,9.924887,-8.491257,-0.344845,9.922850,-8.490885,-0.346949,9.926864,-8.491618,
43.733002f,-0.349043,9.930860,-8.492348,-0.348014,9.928895,-8.491989,-0.350071,9.932824,-8.492706,
43.765999f,-0.352150,9.936795,-8.493431,-0.351128,9.934844,-8.493075,-0.353202,9.938806,-8.493797,
43.799999f,-0.355233,9.942688,-8.494505,-0.354189,9.940692,-8.494142,-0.356246,9.944625,-8.494858,
43.833000f,-0.358290,9.948536,-8.495569,-0.357285,9.946614,-8.495219,-0.359294,9.950458,-8.495919,
43.866001f,-0.361320,9.954336,-8.496623,-0.360325,9.952431,-8.496277,-0.362346,9.956300,-8.496980,
43.900002f,-0.364323,9.960087,-8.497667,-0.363307,9.958141,-8.497314,-0.365308,9.961975,-8.498010,
43.932999f,-0.367295,9.965783,-8.498699,-0.366320,9.963913,-8.498361,-0.368271,9.967653,-8.499038,
43.966000f,-0.370237,9.971422,-8.499720,-0.369272,9.969571,-8.499385,-0.371232,9.973330,-8.500065,
44.000000f,-0.373147,9.977003,-8.500728,-0.372163,9.975117,-8.500387,-0.374101,9.978834,-8.501058,
44.033001f,-0.376022,9.982522,-8.501722,-0.375079,9.980712,-8.501396,-0.376966,9.984332,-8.502048,
44.066002f,-0.378863,9.987976,-8.502705,-0.377932,9.986188,-8.502383,-0.379823,9.989819,-8.503036,
44.099998f,-0.381668,9.993362,-8.503672,-0.380721,9.991544,-8.503345,-0.382587,9.995128,-8.503988,
44.132999f,-0.384435,9.998678,-8.504625,-0.383528,9.996936,-8.504313,-0.385341,10.000421,-8.504937,
44.166000f,-0.387163,10.003921,-8.505563,-0.386269,10.002203,-8.505256,-0.388083,10.005690,-8.505879,
44.200001f,-0.389850,10.009086,-8.506485,-0.388943,10.007343,-8.506174,-0.390730,10.010777,-8.506786,
44.233002f,-0.392496,10.014173,-8.507392,-0.391630,10.012507,-8.507095,-0.393361,10.015838,-8.507689,
44.265999f,-0.395098,10.019177,-8.508281,-0.394247,10.017540,-8.507990,-0.395975,10.020864,-8.508580,
44.299999f,-0.397656,10.024096,-8.509153,-0.396794,10.022439,-8.508860,-0.398493,10.025705,-8.509439,
44.333000f,-0.400169,10.028929,-8.510008,-0.399347,10.027349,-8.509729,-0.400990,10.030508,-8.510286,
44.366001f,-0.402634,10.033669,-8.510844,-0.401828,10.032121,-8.510571,-0.403464,10.035265,-8.511126,
44.400002f,-0.405051,10.038317,-8.511661,-0.404237,10.036753,-8.511386,-0.405840,10.039834,-8.511927,
44.432999f,-0.407417,10.042868,-8.512458,-0.406645,10.041383,-8.512197,-0.408190,10.044353,-8.512718,
44.466000f,-0.409733,10.047319,-8.513236,-0.408978,10.045867,-8.512982,-0.410511,10.048816,-8.513497,
44.500000f,-0.411996,10.051670,-8.513993,-0.411236,10.050209,-8.513740,-0.412734,10.053088,-8.514239,
44.533001f,-0.414205,10.055914,-8.514729,-0.413485,10.054531,-8.514489,-0.414925,10.057297,-8.514968,
44.566002f,-0.416359,10.060051,-8.515444,-0.415658,10.058704,-8.515212,-0.417082,10.061439,-8.515683,
44.599998f,-0.418456,10.064077,-8.516135,-0.417753,10.062728,-8.515903,-0.419139,10.065387,-8.516359,
44.632999f,-0.420496,10.067990,-8.516805,-0.419832,10.066718,-8.516587,-0.421159,10.069263,-8.517022,
44.666000f,-0.422476,10.071786,-8.517451,-0.421832,10.070553,-8.517241,-0.423138,10.073056,-8.517667,
44.700001f,-0.424395,10.075463,-8.518073,-0.423753,10.074234,-8.517866,-0.425018,10.076656,-8.518274,
44.733002f,-0.426252,10.079017,-8.518671,-0.425650,10.077865,-8.518477,-0.426854,10.080169,-8.518865,
44.765999f,-0.428046,10.082447,-8.519244,-0.427465,10.081337,-8.519059,-0.428645,10.083591,-8.519435,
44.799999f,-0.429775,10.085749,-8.519792,-0.429198,10.084648,-8.519610,-0.430335,10.086817,-8.519968,
44.833000f,-0.431438,10.088920,-8.520313,-0.430898,10.087892,-8.520145,-0.431978,10.089948,-8.520481,
44.866001f,-0.433047,10.091981,-8.520810,-0.432521,10.090981,-8.520650,-0.433588,10.093011,-8.520975,
44.900002f,-0.434624,10.094976,-8.521285,-0.434093,10.093969,-8.521127,-0.435139,10.095954,-8.521439,
44.932999f,-0.436171,10.097908,-8.521740,-0.435666,10.096951,-8.521593,-0.436677,10.098865,-8.521887,
44.966000f,-0.437688,10.100776,-8.522175,-0.437192,10.099840,-8.522035,-0.438199,10.101740,-8.522319,
45.000000f,-0.439175,10.103581,-8.522589,-0.438675,10.102638,-8.522451,-0.439661,10.104497,-8.522722,
45.033001f,-0.440633,10.106325,-8.522983,-0.440157,10.105430,-8.522856,-0.441110,10.107221,-8.523109,
45.066002f,-0.442062,10.109007,-8.523356,-0.441595,10.108131,-8.523236,-0.442543,10.109908,-8.523480,
45.099998f,-0.443462,10.111629,-8.523711,-0.442991,10.110747,-8.523594,-0.443919,10.112484,-8.523825,
45.132999f,-0.444833,10.114190,-8.524047,-0.444385,10.113355,-8.523939,-0.445281,10.115026,-8.524155,
45.166000f,-0.446176,10.116693,-8.524364,-0.445737,10.115876,-8.524262,-0.446628,10.117534,-8.524468,
45.200001f,-0.447491,10.119136,-8.524662,-0.447048,10.118315,-8.524564,-0.447920,10.119933,-8.524757,
45.233002f,-0.448778,10.121522,-8.524941,-0.448358,10.120744,-8.524852,-0.449198,10.122300,-8.525031,
45.265999f,-0.450038,10.123851,-8.525203,-0.449627,10.123092,-8.525120,-0.450461,10.124633,-8.525289,
45.299999f,-0.451270,10.126122,-8.525447,-0.450856,10.125360,-8.525367,-0.451673,10.126863,-8.525524,
45.333000f,-0.452476,10.128339,-8.525672,-0.452083,10.127617,-8.525600,-0.452870,10.129061,-8.525743,
45.366001f,-0.453655,10.130500,-8.525881,-0.453271,10.129796,-8.525815,-0.454052,10.131226,-8.525949,
45.400002f,-0.454808,10.132607,-8.526073,-0.454421,10.131901,-8.526011,-0.455184,10.133294,-8.526133,
45.432999f,-0.455935,10.134660,-8.526248,-0.455568,10.133991,-8.526193,-0.456303,10.135328,-8.526303,
45.466000f,-0.457036,10.136660,-8.526406,-0.456677,10.136008,-8.526357,-0.457407,10.137331,-8.526458,
45.500000f,-0.458112,10.138608,-8.526548,-0.457751,10.137955,-8.526503,-0.458463,10.139242,-8.526592,
45.533001f,-0.459163,10.140503,-8.526674,-0.458820,10.139886,-8.526635,-0.459506,10.141120,-8.526713,
45.566002f,-0.460189,10.142347,-8.526785,-0.459854,10.141747,-8.526752,-0.460533,10.142966,-8.526820,
45.599998f,-0.461190,10.144142,-8.526879,-0.460854,10.143540,-8.526850,-0.461517,10.144726,-8.526908,
45.632999f,-0.462167,10.145887,-8.526959,-0.461849,10.145320,-8.526936,-0.462486,10.146455,-8.526983,
45.666000f,-0.463120,10.147583,-8.527024,-0.462810,10.147032,-8.527005,-0.463440,10.148151,-8.527044,
45.700001f,-0.464050,10.149231,-8.527075,-0.463738,10.148679,-8.527061,-0.464353,10.149767,-8.527089,
45.733002f,-0.464956,10.150831,-8.527111,-0.464661,10.150311,-8.527102,-0.465251,10.151352,-8.527121,
45.765999f,-0.465839,10.152385,-8.527133,-0.465551,10.151880,-8.527128,-0.466135,10.152905,-8.527138,
45.799999f,-0.466699,10.153892,-8.527141,-0.466410,10.153387,-8.527141,-0.466979,10.154381,-8.527141,
45.833000f,-0.467537,10.155353,-8.527136,-0.467264,10.154878,-8.527140,-0.467809,10.155828,-8.527132,
45.866001f,-0.468352,10.156769,-8.527117,-0.468087,10.156308,-8.527125,-0.468625,10.157243,-8.527108,
45.900002f,-0.469145,10.158142,-8.527084,-0.468879,10.157682,-8.527098,-0.469404,10.158587,-8.527072,
45.932999f,-0.469917,10.159472,-8.527040,-0.469666,10.159040,-8.527058,-0.470168,10.159903,-8.527023,
45.966000f,-0.470668,10.160757,-8.526983,-0.470423,10.160339,-8.527004,-0.470919,10.161187,-8.526961,
46.000000f,-0.471397,10.162002,-8.526914,-0.471152,10.161586,-8.526939,-0.471634,10.162405,-8.526889,
46.033001f,-0.472105,10.163204,-8.526833,-0.471875,10.162814,-8.526861,-0.472336,10.163594,-8.526804,
46.066002f,-0.472793,10.164366,-8.526739,-0.472570,10.163989,-8.526772,-0.473024,10.164754,-8.526706,
46.099998f,-0.473461,10.165488,-8.526635,-0.473237,10.165113,-8.526672,-0.473678,10.165853,-8.526599,
46.132999f,-0.474109,10.166572,-8.526520,-0.473898,10.166221,-8.526560,-0.474319,10.166923,-8.526480,
46.166000f,-0.474737,10.167616,-8.526394,-0.474533,10.167277,-8.526438,-0.474947,10.167965,-8.526349,
46.200001f,-0.475346,10.168622,-8.526257,-0.475142,10.168286,-8.526305,-0.475544,10.168948,-8.526210,
46.233002f,-0.475936,10.169591,-8.526110,-0.475744,10.169277,-8.526160,-0.476127,10.169905,-8.526059,
46.265999f,-0.476507,10.170524,-8.525952,-0.476322,10.170222,-8.526006,-0.476698,10.170835,-8.525897,
46.299999f,-0.477059,10.171420,-8.525784,-0.476875,10.171122,-8.525843,-0.477239,10.171710,-8.525728,
46.333000f,-0.477594,10.172281,-8.525608,-0.477420,10.172003,-8.525668,-0.477767,10.172560,-8.525548,
46.366001f,-0.478110,10.173108,-8.525422,-0.477943,10.172841,-8.525485,-0.478283,10.173384,-8.525357,
46.400002f,-0.478609,10.173902,-8.525228,-0.478442,10.173637,-8.525295,-0.478771,10.174158,-8.525162,
46.432999f,-0.479091,10.174661,-8.525024,-0.478934,10.174416,-8.525093,-0.479247,10.174906,-8.524956,
46.466000f,-0.479555,10.175388,-8.524812,-0.479405,10.175154,-8.524883,-0.479710,10.175631,-8.524738,
46.500000f,-0.480003,10.176084,-8.524591,-0.479853,10.175853,-8.524668,-0.480148,10.176308,-8.524517,
46.533001f,-0.480434,10.176748,-8.524364,-0.480294,10.176534,-8.524440,-0.480574,10.176963,-8.524287,
46.566002f,-0.480849,10.177382,-8.524128,-0.480715,10.177178,-8.524207,-0.480987,10.177593,-8.524047,
46.599998f,-0.481248,10.177987,-8.523885,-0.481115,10.177787,-8.523969,-0.481377,10.178182,-8.523804,
46.632999f,-0.481632,10.178562,-8.523635,-0.481508,10.178377,-8.523719,-0.481756,10.178747,-8.523551,
46.666000f,-0.482000,10.179110,-8.523377,-0.481881,10.178934,-8.523463,-0.482123,10.179291,-8.523289,
46.700001f,-0.482353,10.179628,-8.523114,-0.482236,10.179457,-8.523205,-0.482467,10.179795,-8.523026,
46.733002f,-0.482692,10.180121,-8.522844,-0.482582,10.179963,-8.522935,-0.482801,10.180280,-8.522755,
46.765999f,-0.483016,10.180588,-8.522568,-0.482911,10.180438,-8.522660,-0.483123,10.180742,-8.522473,
46.799999f,-0.483326,10.181028,-8.522286,-0.483223,10.180882,-8.522383,-0.483426,10.181170,-8.522193,
46.833000f,-0.483622,10.181444,-8.521998,-0.483526,10.181311,-8.522094,-0.483717,10.181578,-8.521903,
46.866001f,-0.483904,10.181836,-8.521707,-0.483813,10.181711,-8.521804,-0.483998,10.181965,-8.521606,
46.900002f,-0.484173,10.182203,-8.521409,-0.484084,10.182082,-8.521511,-0.484260,10.182321,-8.521310,
46.932999f,-0.484429,10.182549,-8.521107,-0.484347,10.182438,-8.521207,-0.484512,10.182659,-8.521007,
46.966000f,-0.484673,10.182872,-8.520801,-0.484595,10.182769,-8.520903,-0.484753,10.182978,-8.520696,
47.000000f,-0.484904,10.183173,-8.520490,-0.484827,10.183074,-8.520597,-0.484978,10.183270,-8.520387,
47.033001f,-0.485123,10.183455,-8.520175,-0.485052,10.183365,-8.520279,-0.485193,10.183544,-8.520071,
47.066002f,-0.485330,10.183715,-8.519857,-0.485263,10.183632,-8.519963,-0.485398,10.183801,-8.519749,
47.099998f,-0.485525,10.183957,-8.519535,-0.485461,10.183878,-8.519645,-0.485588,10.184033,-8.519428,
47.132999f,-0.485709,10.184179,-8.519211,-0.485650,10.184109,-8.519319,-0.485768,10.184250,-8.519103,
47.166000f,-0.485882,10.184384,-8.518884,-0.485827,10.184319,-8.518992,-0.485940,10.184451,-8.518772,
47.200001f,-0.486045,10.184571,-8.518554,-0.485991,10.184510,-8.518666,-0.486097,10.184630,-8.518444,
47.233002f,-0.486197,10.184742,-8.518221,-0.486148,10.184689,-8.518331,-0.486246,10.184795,-8.518111,
47.265999f,-0.486339,10.184896,-8.517887,-0.486294,10.184848,-8.517998,-0.486386,10.184946,-8.517774,
47.299999f,-0.486471,10.185036,-8.517551,-0.486428,10.184991,-8.517666,-0.486513,10.185080,-8.517441,
47.333000f,-0.486594,10.185161,-8.517214,-0.486555,10.185122,-8.517325,-0.486633,10.185200,-8.517102,
47.366001f,-0.486707,10.185272,-8.516875,-0.486671,10.185238,-8.516987,-0.486744,10.185308,-8.516760,
47.400002f,-0.486812,10.185369,-8.516536,-0.486778,10.185338,-8.516651,-0.486845,10.185400,-8.516423,
47.432999f,-0.486907,10.185455,-8.516195,-0.486877,10.185430,-8.516308,-0.486937,10.185481,-8.516083,
47.466000f,-0.486995,10.185529,-8.515856,-0.486967,10.185507,-8.515968,-0.487023,10.185552,-8.515740,
47.500000f,-0.487074,10.185591,-8.515514,-0.487048,10.185572,-8.515630,-0.487099,10.185610,-8.515402,
47.533001f,-0.487145,10.185642,-8.515174,-0.487123,10.185627,-8.515286,-0.487168,10.185658,-8.515061,
47.566002f,-0.487209,10.185684,-8.514833,-0.487189,10.185672,-8.514946,-0.487230,10.185697,-8.514718,
47.599998f,-0.487266,10.185718,-8.514495,-0.487248,10.185708,-8.514610,-0.487283,10.185727,-8.514383,
47.632999f,-0.487315,10.185742,-8.514156,-0.487300,10.185736,-8.514268,-0.487331,10.185749,-8.514045,
47.666000f,-0.487359,10.185759,-8.513819,-0.487345,10.185754,-8.513929,-0.487372,10.185763,-8.513704,
47.700001f,-0.487395,10.185769,-8.513483,-0.487384,10.185767,-8.513597,-0.487406,10.185771,-8.513372,
47.733002f,-0.487426,10.185772,-8.513149,-0.487417,10.185772,-8.513259,-0.487435,10.185772,-8.513040,
47.765999f,-0.487451,10.185770,-8.512817,-0.487443,10.185772,-8.512926,-0.487458,10.185768,-8.512705,
47.799999f,-0.487470,10.185762,-8.512487,-0.487464,10.185765,-8.512599,-0.487476,10.185760,-8.512379,
47.833000f,-0.487484,10.185751,-8.512160,-0.487480,10.185756,-8.512268,-0.487488,10.185746,-8.512053,
47.866001f,-0.487493,10.185737,-8.511836,-0.487491,10.185742,-8.511943,-0.487496,10.185731,-8.511726,
47.900002f,-0.487498,10.185719,-8.511516,-0.487497,10.185725,-8.511624,-0.487499,10.185712,-8.511411,
47.932999f,-0.487498,10.185699,-8.511198,-0.487499,10.185705,-8.511302,-0.487497,10.185692,-8.511094,
47.966000f,-0.487494,10.185677,-8.510883,-0.487496,10.185684,-8.510986,-0.487492,10.185669,-8.510777,
48.000000f,-0.487487,10.185655,-8.510573,-0.487490,10.185662,-8.510678,-0.487484,10.185647,-8.510471,
48.033001f,-0.487475,10.185632,-8.510267,-0.487480,10.185639,-8.510367,-0.487471,10.185624,-8.510167,
48.066002f,-0.487461,10.185610,-8.509966,-0.487466,10.185616,-8.510064,-0.487456,10.185602,-8.509864,
48.099998f,-0.487444,10.185589,-8.509669,-0.487450,10.185596,-8.509769,-0.487438,10.185582,-8.509572,
48.132999f,-0.487424,10.185570,-8.509377,-0.487431,10.185575,-8.509473,-0.487417,10.185564,-8.509282,
48.166000f,-0.487402,10.185554,-8.509091,-0.487410,10.185558,-8.509185,-0.487394,10.185549,-8.508995,
48.200001f,-0.487378,10.185540,-8.508810,-0.487386,10.185544,-8.508904,-0.487370,10.185536,-8.508718,
48.233002f,-0.487352,10.185532,-8.508534,-0.487361,10.185534,-8.508624,-0.487343,10.185530,-8.508445,
48.265999f,-0.487324,10.185527,-8.508265,-0.487334,10.185528,-8.508353,-0.487315,10.185526,-8.508175,
48.299999f,-0.487296,10.185529,-8.508002,-0.487306,10.185528,-8.508090,-0.487286,10.185530,-8.507916,
48.333000f,-0.487266,10.185535,-8.507747,-0.487276,10.185532,-8.507831,-0.487257,10.185539,-8.507663,
48.366001f,-0.487236,10.185549,-8.507497,-0.487246,10.185543,-8.507578,-0.487226,10.185555,-8.507413,
48.400002f,-0.487206,10.185571,-8.507255,-0.487216,10.185562,-8.507336,-0.487196,10.185579,-8.507176,
48.432999f,-0.487176,10.185599,-8.507020,-0.487186,10.185588,-8.507096,-0.487166,10.185611,-8.506944,
48.466000f,-0.487145,10.185637,-8.506792,-0.487155,10.185623,-8.506866,-0.487135,10.185652,-8.506716,
48.500000f,-0.487116,10.185685,-8.506574,-0.487126,10.185667,-8.506647,-0.487106,10.185702,-8.506503,
48.533001f,-0.487087,10.185742,-8.506363,-0.487096,10.185721,-8.506431,-0.487078,10.185763,-8.506295,
48.566002f,-0.487060,10.185811,-8.506160,-0.487068,10.185786,-8.506226,-0.487050,10.185836,-8.506092,
48.599998f,-0.487033,10.185891,-8.505966,-0.487042,10.185862,-8.506030,-0.487025,10.185920,-8.505904,
48.632999f,-0.487009,10.185984,-8.505782,-0.487017,10.185951,-8.505841,-0.487001,10.186016,-8.505723,
48.666000f,-0.486987,10.186089,-8.505606,-0.486994,10.186051,-8.505662,-0.486979,10.186127,-8.505548,
48.700001f,-0.486966,10.186208,-8.505441,-0.486973,10.186165,-8.505495,-0.486960,10.186250,-8.505387,
48.733002f,-0.486949,10.186340,-8.505284,-0.486954,10.186294,-8.505334,-0.486943,10.186387,-8.505235,
48.765999f,-0.486934,10.186488,-8.505138,-0.486938,10.186437,-8.505185,-0.486930,10.186541,-8.505091,
48.799999f,-0.486923,10.186652,-8.505003,-0.486926,10.186594,-8.505047,-0.486919,10.186708,-8.504960,
48.833000f,-0.486914,10.186832,-8.504878,-0.486916,10.186770,-8.504917,-0.486912,10.186894,-8.504839,
48.866001f,-0.486910,10.187029,-8.504764,-0.486911,10.186961,-8.504800,-0.486909,10.187099,-8.504726,
48.900002f,-0.486910,10.187244,-8.504661,-0.486909,10.187168,-8.504694,-0.486910,10.187318,-8.504628,
48.932999f,-0.486914,10.187477,-8.504569,-0.486912,10.187397,-8.504598,-0.486916,10.187557,-8.504540,
48.966000f,-0.486922,10.187729,-8.504490,-0.486918,10.187642,-8.504515,-0.486926,10.187818,-8.504465,
49.000000f,-0.486936,10.188002,-8.504422,-0.486930,10.187905,-8.504443,-0.486941,10.188095,-8.504402,
49.033001f,-0.486954,10.188294,-8.504366,-0.486947,10.188194,-8.504382,-0.486961,10.188395,-8.504350,
49.066002f,-0.486978,10.188607,-8.504323,-0.486969,10.188500,-8.504335,-0.486987,10.188718,-8.504311,
49.099998f,-0.487008,10.188943,-8.504293,-0.486997,10.188825,-8.504301,-0.487019,10.189057,-8.504286,
49.132999f,-0.487044,10.189301,-8.504276,-0.487031,10.189179,-8.504280,-0.487057,10.189424,-8.504272,
49.166000f,-0.487086,10.189683,-8.504272,-0.487071,10.189553,-8.504272,-0.487102,10.189816,-8.504273,
49.200001f,-0.487135,10.190088,-8.504281,-0.487117,10.189946,-8.504275,-0.487152,10.190226,-8.504287,
49.233002f,-0.487191,10.190518,-8.504305,-0.487171,10.190372,-8.504294,-0.487210,10.190664,-8.504315,
49.265999f,-0.487253,10.190972,-8.504343,-0.487231,10.190818,-8.504328,-0.487276,10.191132,-8.504358,
49.299999f,-0.487324,10.191454,-8.504395,-0.487299,10.191286,-8.504375,-0.487348,10.191617,-8.504415,
49.333000f,-0.487402,10.191961,-8.504462,-0.487375,10.191790,-8.504437,-0.487429,10.192133,-8.504487,
49.366001f,-0.487488,10.192496,-8.504544,-0.487458,10.192315,-8.504515,-0.487519,10.192683,-8.504575,
49.400002f,-0.487583,10.193060,-8.504641,-0.487549,10.192863,-8.504605,-0.487615,10.193251,-8.504675,
49.432999f,-0.487686,10.193651,-8.504753,-0.487650,10.193451,-8.504713,-0.487721,10.193851,-8.504793,
49.466000f,-0.487798,10.194273,-8.504882,-0.487759,10.194063,-8.504837,-0.487838,10.194489,-8.504929,
49.500000f,-0.487919,10.194924,-8.505026,-0.487876,10.194697,-8.504974,-0.487961,10.195145,-8.505076,
49.533001f,-0.488050,10.195606,-8.505186,-0.488005,10.195376,-8.505131,-0.488095,10.195836,-8.505241,
49.566002f,-0.488191,10.196320,-8.505363,-0.488143,10.196079,-8.505301,-0.488240,10.196568,-8.505425,
49.599998f,-0.488341,10.197065,-8.505556,-0.488288,10.196806,-8.505487,-0.488393,10.197317,-8.505623,
49.632999f,-0.488502,10.197844,-8.505768,-0.488448,10.197581,-8.505695,-0.488557,10.198106,-8.505840,
49.666000f,-0.488674,10.198656,-8.505996,-0.488616,10.198382,-8.505918,-0.488734,10.198938,-8.506076,
49.700001f,-0.488857,10.199502,-8.506241,-0.488793,10.199208,-8.506154,-0.488919,10.199787,-8.506325,
49.733002f,-0.489051,10.200384,-8.506505,-0.488985,10.200088,-8.506415,-0.489117,10.200681,-8.506595,
49.765999f,-0.489256,10.201301,-8.506787,-0.489186,10.200993,-8.506691,-0.489328,10.201618,-8.506886,
49.799999f,-0.489473,10.202253,-8.507087,-0.489397,10.201923,-8.506982,-0.489547,10.202574,-8.507189,
49.833000f,-0.489703,10.203243,-8.507406,-0.489625,10.202910,-8.507298,-0.489780,10.203576,-8.507515,
49.866001f,-0.489944,10.204271,-8.507745,-0.489863,10.203926,-8.507630,-0.490029,10.204627,-8.507863,
49.900002f,-0.490199,10.205338,-8.508101,-0.490110,10.204968,-8.507977,-0.490285,10.205696,-8.508223,
49.932999f,-0.490466,10.206442,-8.508478,-0.490376,10.206071,-8.508350,-0.490557,10.206813,-8.508606,
49.966000f,-0.490747,10.207587,-8.508875,-0.490652,10.207203,-8.508740,-0.490844,10.207983,-8.509013,
50.000000f,-0.491041,10.208772,-8.509292,-0.490939,10.208362,-8.509147,-0.491140,10.209169,-8.509433,
50.033001f,-0.491349,10.209998,-8.509728,-0.491245,10.209586,-8.509581,-0.491453,10.210410,-8.509876,
50.066002f,-0.491671,10.211267,-8.510185,-0.491562,10.210841,-8.510031,-0.491783,10.211704,-8.510345,
50.099998f,-0.492007,10.212577,-8.510664,-0.491891,10.212124,-8.510498,-0.492121,10.213017,-8.510825,
50.132999f,-0.492359,10.213930,-8.511163,-0.492240,10.213476,-8.510995,-0.492477,10.214384,-8.511331,
50.166000f,-0.492725,10.215328,-8.511683,-0.492602,10.214860,-8.511508,-0.492852,10.215811,-8.511865,
50.200001f,-0.493106,10.216770,-8.512226,-0.492974,10.216272,-8.512038,-0.493235,10.217254,-8.512409,
50.233002f,-0.493503,10.218257,-8.512791,-0.493370,10.217758,-8.512601,-0.493637,10.218756,-8.512980,
50.265999f,-0.493916,10.219790,-8.513377,-0.493777,10.219277,-8.513180,-0.494059,10.220320,-8.513580,
50.299999f,-0.494345,10.221370,-8.513986,-0.494197,10.220824,-8.513775,-0.494489,10.221899,-8.514191,
50.333000f,-0.494791,10.222998,-8.514618,-0.494641,10.222453,-8.514405,-0.494940,10.223542,-8.514831,
50.366001f,-0.495253,10.224672,-8.515273,-0.495097,10.224112,-8.515053,-0.495413,10.225250,-8.515500,
50.400002f,-0.495732,10.226396,-8.515951,-0.495566,10.225801,-8.515717,-0.495893,10.226973,-8.516179,
50.432999f,-0.496228,10.228168,-8.516652,-0.496062,10.227575,-8.516417,-0.496395,10.228762,-8.516888,
50.466000f,-0.496742,10.229991,-8.517378,-0.496570,10.229382,-8.517135,-0.496920,10.230619,-8.517629,
50.500000f,-0.497274,10.231865,-8.518126,-0.497090,10.231219,-8.517868,-0.497453,10.232491,-8.518377,
50.533001f,-0.497824,10.233790,-8.518901,-0.497640,10.233147,-8.518641,-0.498009,10.234434,-8.519160,
50.566002f,-0.498393,10.235767,-8.519699,-0.498202,10.235106,-8.519431,-0.498589,10.236448,-8.519975,
50.599998f,-0.498980,10.237797,-8.520522,-0.498777,10.237098,-8.520238,-0.499177,10.238476,-8.520798,
50.632999f,-0.499586,10.239881,-8.521371,-0.499383,10.239184,-8.521087,-0.499789,10.240577,-8.521655,
50.666000f,-0.500212,10.242018,-8.522244,-0.500002,10.241303,-8.521952,-0.500428,10.242754,-8.522546,
50.700001f,-0.500857,10.244210,-8.523144,-0.500634,10.243455,-8.522834,-0.501073,10.244943,-8.523445,
50.733002f,-0.501522,10.246458,-8.524069,-0.501299,10.245707,-8.523759,-0.501745,10.247209,-8.524379,
50.765999f,-0.502207,10.248762,-8.525021,-0.501978,10.247993,-8.524702,-0.502444,10.249556,-8.525349,
50.799999f,-0.502913,10.251124,-8.525999,-0.502670,10.250312,-8.525662,-0.503149,10.251913,-8.526326,
50.833000f,-0.503639,10.253542,-8.527003,-0.503396,10.252734,-8.526668,-0.503883,10.254350,-8.527339,
50.866001f,-0.504387,10.256019,-8.528036,-0.504134,10.255182,-8.527681,-0.504647,10.256881,-8.528401,
50.900002f,-0.505169,10.258612,-8.529151,-0.504891,10.257686,-8.528732,-0.505439,10.259510,-8.529557,
50.932999f,-0.506023,10.261467,-8.530498,-0.505730,10.260482,-8.530016,-0.506316,10.262452,-8.530979,
50.966000f,-0.506945,10.264584,-8.532073,-0.506630,10.263515,-8.531518,-0.507270,10.265685,-8.532645,
51.000000f,-0.507934,10.267948,-8.533863,-0.507587,10.266765,-8.533219,-0.508270,10.269097,-8.534488,
51.033001f,-0.508985,10.271547,-8.535859,-0.508628,10.270323,-8.535169,-0.509341,10.272772,-8.536550,
51.066002f,-0.510095,10.275371,-8.538048,-0.509719,10.274075,-8.537295,-0.510481,10.276706,-8.538822,
51.099998f,-0.511260,10.279404,-8.540418,-0.510855,10.277999,-8.539583,-0.511653,10.280767,-8.541227,
51.132999f,-0.512478,10.283635,-8.542956,-0.512068,10.282208,-8.542092,-0.512888,10.285062,-8.543820,
51.166000f,-0.513745,10.288054,-8.545653,-0.513319,10.286567,-8.544740,-0.514183,10.289585,-8.546595,
51.200001f,-0.515056,10.292645,-8.548495,-0.514603,10.291058,-8.547506,-0.515496,10.294187,-8.549456,
51.233002f,-0.516410,10.297398,-8.551472,-0.515957,10.295805,-8.550469,-0.516863,10.298990,-8.552474,
51.265999f,-0.517802,10.302299,-8.554571,-0.517337,10.300659,-8.553531,-0.518281,10.303988,-8.555643,
51.299999f,-0.519228,10.307336,-8.557780,-0.518738,10.305602,-8.556672,-0.519704,10.309019,-8.558856,
51.333000f,-0.520687,10.312498,-8.561090,-0.520201,10.310777,-8.559983,-0.521173,10.314219,-8.562196,
51.366001f,-0.522173,10.317772,-8.564486,-0.521679,10.316015,-8.563353,-0.522683,10.319582,-8.565653,
51.400002f,-0.523684,10.323146,-8.567956,-0.523167,10.321304,-8.566765,-0.524186,10.324933,-8.569112,
51.432999f,-0.525216,10.328606,-8.571491,-0.524708,10.326792,-8.570316,-0.525724,10.330420,-8.572666,
51.466000f,-0.526766,10.334141,-8.575079,-0.526252,10.332304,-8.573889,-0.527295,10.336033,-8.576305,
51.500000f,-0.528329,10.339737,-8.578705,-0.527796,10.337826,-8.577467,-0.528847,10.341592,-8.579906,
51.533001f,-0.529904,10.345385,-8.582360,-0.529383,10.343515,-8.581151,-0.530425,10.347254,-8.583570,
51.566002f,-0.531486,10.351069,-8.586033,-0.530963,10.349190,-8.584821,-0.532025,10.353006,-8.587282,
51.599998f,-0.533072,10.356778,-8.589710,-0.532533,10.354836,-8.588462,-0.533595,10.358665,-8.590922,
51.632999f,-0.534658,10.362500,-8.593381,-0.534135,10.360612,-8.592173,-0.535181,10.364388,-8.594589,
51.666000f,-0.536241,10.368222,-8.597033,-0.535720,10.366336,-8.595833,-0.536779,10.370166,-8.598269,
51.700001f,-0.537818,10.373933,-8.600654,-0.537284,10.371996,-8.599429,-0.538337,10.375813,-8.601842,
51.733002f,-0.539385,10.379619,-8.604233,-0.538870,10.377748,-8.603061,-0.539900,10.381489,-8.605405,
51.765999f,-0.540939,10.385268,-8.607759,-0.540429,10.383412,-8.606606,-0.541464,10.387180,-8.608946,
51.799999f,-0.542476,10.390869,-8.611219,-0.541956,10.388975,-8.610056,-0.542979,10.392707,-8.612349,
51.833000f,-0.543992,10.396408,-8.614602,-0.543496,10.394592,-8.613501,-0.544489,10.398224,-8.615704,
51.866001f,-0.545485,10.401874,-8.617896,-0.544997,10.400084,-8.616826,-0.545988,10.403717,-8.618999,
51.900002f,-0.546951,10.407252,-8.621089,-0.546458,10.405440,-8.620023,-0.547429,10.409011,-8.622124,
51.932999f,-0.548386,10.412532,-8.624169,-0.547918,10.410808,-8.623174,-0.548853,10.414256,-8.625165,
51.966000f,-0.549787,10.417701,-8.627127,-0.549331,10.416016,-8.626174,-0.550257,10.419437,-8.628109,
52.000000f,-0.551150,10.422747,-8.629947,-0.550694,10.421054,-8.629013,-0.551593,10.424389,-8.630853,
52.033001f,-0.552473,10.427657,-8.632620,-0.552044,10.426062,-8.631764,-0.552902,10.429253,-8.633475,
52.066002f,-0.553751,10.432419,-8.635133,-0.553337,10.430874,-8.634332,-0.554177,10.434011,-8.635958,
52.099998f,-0.554981,10.437020,-8.637475,-0.554572,10.435486,-8.636710,-0.555379,10.438510,-8.638218,
52.132999f,-0.556161,10.441449,-8.639634,-0.555780,10.440019,-8.638954,-0.556541,10.442880,-8.640314,
52.166000f,-0.557285,10.445692,-8.641599,-0.556924,10.444324,-8.640985,-0.557657,10.447102,-8.642232,
52.200001f,-0.558351,10.449739,-8.643356,-0.557999,10.448399,-8.642796,-0.558693,10.451039,-8.643901,
52.233002f,-0.559356,10.453574,-8.644897,-0.559035,10.452345,-8.644426,-0.559677,10.454803,-8.645367,
52.265999f,-0.560295,10.457188,-8.646207,-0.559997,10.456034,-8.645815,-0.560603,10.458376,-8.646611,
52.299999f,-0.561166,10.460567,-8.647275,-0.560882,10.459460,-8.646955,-0.561442,10.461640,-8.647586,
52.333000f,-0.561965,10.463697,-8.648089,-0.561714,10.462707,-8.647864,-0.562217,10.464688,-8.648314,
52.366001f,-0.562689,10.466570,-8.648639,-0.562463,10.465667,-8.648503,-0.562922,10.467501,-8.648779,
52.400002f,-0.563334,10.469171,-8.648911,-0.563129,10.468335,-8.648868,-0.563533,10.469982,-8.648953,
52.432999f,-0.563896,10.471487,-8.648895,-0.563725,10.470772,-8.648950,-0.564068,10.472202,-8.648841,
52.466000f,-0.564373,10.473507,-8.648580,-0.564231,10.472892,-8.648735,-0.564520,10.474141,-8.648419,
52.500000f,-0.564761,10.475217,-8.647951,-0.564645,10.474690,-8.648220,-0.564873,10.475728,-8.647690,
52.533001f,-0.565056,10.476606,-8.646998,-0.564974,10.476203,-8.647368,-0.565137,10.477010,-8.646628,
52.566002f,-0.565254,10.477662,-8.645710,-0.565205,10.477371,-8.646193,-0.565305,10.477962,-8.645213,
52.599998f,-0.565354,10.478372,-8.644075,-0.565337,10.478191,-8.644692,-0.565369,10.478547,-8.643476,
52.632999f,-0.565350,10.478723,-8.642080,-0.565369,10.478668,-8.642799,-0.565331,10.478777,-8.641361,
52.666000f,-0.565240,10.478703,-8.639715,-0.565297,10.478780,-8.640573,-0.565181,10.478625,-8.638831,
52.700001f,-0.565005,10.478260,-8.636882,-0.565110,10.478492,-8.637946,-0.564903,10.478035,-8.635849,
52.733002f,-0.564623,10.477338,-8.633456,-0.564773,10.477718,-8.634681,-0.564474,10.476957,-8.632232,
52.765999f,-0.564101,10.475952,-8.629459,-0.564296,10.476482,-8.630868,-0.563900,10.475406,-8.628008,
52.799999f,-0.563443,10.474122,-8.624918,-0.563688,10.474816,-8.626551,-0.563204,10.473448,-8.623333,
52.833000f,-0.562655,10.471868,-8.619855,-0.562935,10.472678,-8.621608,-0.562375,10.471057,-8.618102,
52.866001f,-0.561744,10.469206,-8.614296,-0.562064,10.470148,-8.616208,-0.561414,10.468235,-8.612326,
52.900002f,-0.560714,10.466157,-8.608266,-0.561083,10.467257,-8.610392,-0.560356,10.465090,-8.606202,
52.932999f,-0.559572,10.462738,-8.601789,-0.559967,10.463923,-8.603995,-0.559178,10.461553,-8.599582,
52.966000f,-0.558324,10.458969,-8.594890,-0.558752,10.460268,-8.597232,-0.557882,10.457631,-8.592477,
53.000000f,-0.556975,10.454868,-8.587592,-0.557450,10.456316,-8.590137,-0.556514,10.453464,-8.585123,
53.033001f,-0.555531,10.450454,-8.579924,-0.556022,10.451959,-8.582512,-0.555039,10.448949,-8.577335,
53.066002f,-0.553997,10.445745,-8.571906,-0.554517,10.447344,-8.574605,-0.553462,10.444097,-8.569126,
53.099998f,-0.552381,10.440759,-8.563565,-0.552943,10.442497,-8.566451,-0.551834,10.439071,-8.560763,
53.132999f,-0.550686,10.435516,-8.554926,-0.551257,10.437285,-8.557822,-0.550115,10.433747,-8.552030,
53.166000f,-0.548920,10.430036,-8.546013,-0.549513,10.431880,-8.548995,-0.548308,10.428135,-8.542940,
53.200001f,-0.547087,10.424335,-8.536850,-0.547720,10.426307,-8.540003,-0.546472,10.422420,-8.533790,
53.233002f,-0.545194,10.418431,-8.527464,-0.545828,10.420409,-8.530594,-0.544560,10.416453,-8.524334,
53.265999f,-0.543246,10.412346,-8.517877,-0.543897,10.414381,-8.521069,-0.542576,10.410250,-8.514587,
53.299999f,-0.541250,10.406097,-8.508115,-0.541936,10.408247,-8.511459,-0.540584,10.404012,-8.504869,
53.333000f,-0.539210,10.399702,-8.498203,-0.539889,10.401834,-8.501494,-0.538531,10.397571,-8.494912,
53.366001f,-0.537133,10.393181,-8.488165,-0.537824,10.395350,-8.491494,-0.536422,10.390945,-8.484735,
53.400002f,-0.535025,10.386551,-8.478026,-0.535746,10.388820,-8.481486,-0.534325,10.384349,-8.474669,
53.432999f,-0.532890,10.379832,-8.467811,-0.533598,10.382061,-8.471189,-0.532183,10.377604,-8.464432,
53.466000f,-0.530736,10.373042,-8.457543,-0.531449,10.375291,-8.460936,-0.530001,10.370725,-8.454048,
53.500000f,-0.528567,10.366201,-8.447250,-0.529306,10.368533,-8.450750,-0.527850,10.363938,-8.443853,
53.533001f,-0.526390,10.359324,-8.436954,-0.527109,10.361596,-8.440349,-0.525671,10.357053,-8.433560,
53.566002f,-0.524211,10.352435,-8.426681,-0.524929,10.354708,-8.430063,-0.523470,10.350094,-8.423196,
53.599998f,-0.522034,10.345549,-8.416454,-0.522772,10.347885,-8.419918,-0.521317,10.343280,-8.413092,
53.632999f,-0.519866,10.338686,-8.406300,-0.520579,10.340944,-8.409635,-0.519153,10.336428,-8.402965,
53.666000f,-0.517712,10.331863,-8.396242,-0.518420,10.334105,-8.399541,-0.516984,10.329555,-8.392843,
53.700001f,-0.515579,10.325101,-8.386305,-0.516300,10.327387,-8.389658,-0.514880,10.322883,-8.383050,
53.733002f,-0.513472,10.318418,-8.376514,-0.514162,10.320607,-8.379717,-0.512782,10.316228,-8.373312,
53.765999f,-0.511397,10.311831,-8.366894,-0.512076,10.313985,-8.370035,-0.510698,10.309611,-8.363656,
53.799999f,-0.509360,10.305360,-8.357470,-0.510045,10.307537,-8.360637,-0.508695,10.303246,-8.354396,
53.833000f,-0.507366,10.299024,-8.348265,-0.508016,10.301089,-8.351262,-0.506716,10.296958,-8.345267,
53.866001f,-0.505421,10.292840,-8.339305,-0.506054,10.294852,-8.342217,-0.504769,10.290767,-8.336305,
53.900002f,-0.503531,10.286828,-8.330614,-0.504163,10.288839,-8.333519,-0.502917,10.284876,-8.327795,
53.932999f,-0.501702,10.281008,-8.322218,-0.502294,10.282894,-8.324936,-0.501109,10.279121,-8.319500,
53.966000f,-0.499939,10.275396,-8.314140,-0.500509,10.277210,-8.316749,-0.499352,10.273527,-8.311453,
54.000000f,-0.498248,10.270012,-8.306406,-0.498810,10.271800,-8.308972,-0.497703,10.268276,-8.303915,
54.033001f,-0.496636,10.264875,-8.299041,-0.497154,10.266527,-8.301407,-0.496118,10.263224,-8.296675,
54.066002f,-0.495107,10.260002,-8.292068,-0.495597,10.261563,-8.294299,-0.494603,10.258394,-8.289768,
54.099998f,-0.493668,10.255415,-8.285513,-0.494141,10.256924,-8.287666,-0.493209,10.253951,-8.283422,
54.132999f,-0.492324,10.251127,-8.279400,-0.492751,10.252489,-8.281340,-0.491897,10.249765,-8.277460,
54.166000f,-0.491081,10.247163,-8.273754,-0.491474,10.248415,-8.275536,-0.490677,10.245872,-8.271918,
54.200001f,-0.489945,10.243539,-8.268600,-0.490313,10.244710,-8.270264,-0.489589,10.242402,-8.266984,
54.233002f,-0.488922,10.240271,-8.263962,-0.489240,10.241286,-8.265403,-0.488604,10.239255,-8.262521,
54.265999f,-0.488017,10.237382,-8.259866,-0.488295,10.238270,-8.261124,-0.487731,10.236467,-8.258570,
54.299999f,-0.487236,10.234888,-8.256335,-0.487480,10.235665,-8.257435,-0.487000,10.234134,-8.255268,
54.333000f,-0.486585,10.232808,-8.253394,-0.486778,10.233423,-8.254263,-0.486393,10.232193,-8.252525,
54.366001f,-0.486070,10.231162,-8.251070,-0.486217,10.231630,-8.251732,-0.485919,10.230680,-8.250388,
54.400002f,-0.485697,10.229967,-8.249385,-0.485799,10.230293,-8.249845,-0.485597,10.229650,-8.248939,
54.432999f,-0.485470,10.229243,-8.248364,-0.485519,10.229402,-8.248588,-0.485420,10.229085,-8.248141,
54.466000f,-0.485396,10.229008,-8.248033,-0.485408,10.229047,-8.248087,-0.485384,10.228968,-8.247976,
54.500000f,-0.485396,10.229008,-8.248033,-0.485396,10.229008,-8.248033,-0.485396,10.229008,-8.248033,
57.966000f,-0.485396,10.229008,-8.248033,-0.485396,10.229008,-8.248033,-0.485396,10.229008,-8.248033,
57.986000f,3.093092,8.078095,-6.592212,3.093092,8.078095,-6.592212,3.093092,8.078095,-6.592212,
61.533001f,3.093092,8.078095,-6.592212,3.093092,8.078095,-6.592212,3.093092,8.078095,-6.592212,
61.553001f,-3.875111,11.064773,-8.416625,-3.875111,11.064773,-8.416625,-3.875111,11.064773,-8.416625,
66.799004f,-3.875111,11.064773,-8.416625,-3.875111,11.064773,-8.416625,-3.875111,11.064773,-8.416625,
66.800003f,1.683796,8.276798,-8.441408,1.683796,8.276798,-8.441408,1.683796,8.276798,-8.441408,
68.466003f,1.683796,8.276798,-8.441408,1.683796,8.276798,-8.441408,1.683796,8.276798,-8.441408,
68.486000f,-1.465160,11.619983,-8.090045,-1.465160,11.619983,-8.090045,-1.465160,11.619983,-8.090045,
68.500000f,-1.465160,11.619983,-8.090045,-1.465160,11.619983,-8.090045,-1.465160,11.619983,-8.090045,
69.666000f,-1.465160,11.619983,-8.090045,-1.465160,11.619983,-8.090045,-1.465160,11.619983,-8.090045,
69.699997f,-1.465160,11.619983,-8.090045,-1.465160,11.619983,-8.090045,-1.465160,11.619983,-8.090045,
;
;
                                                                                                                                                                                                                                                                                                                                                                                                                                                                                   