2,
0.000000f,69.200417,69.200417,69.200417,
82.666000f,69.200417,69.200417,69.200417,
;
2,
0.000000f,0.000000,0.000000,0.000000,
82.666000f,0.000000,0.000000,0.000000,
;
208,
0.000000f,2.851126,-2.411943,0.275987,2.851126,-2.411943,0.275987,2.851126,-2.411943,0.275987,
5.199000f,2.851126,-2.411943,0.275987,2.851126,-2.411943,0.275987,2.851126,-2.411943,0.275987,
5.200000f,0.259361,-2.025930,1.165603,0.259361,-2.025930,1.165603,0.259361,-2.025930,1.165603,
13.833000f,0.259361,-2.025930,1.165603,0.259361,-2.025930,1.165603,0.259361,-2.025930,1.165603,
13.853001f,1.081889,-0.638373,1.662472,1.081889,-0.638373,1.662472,1.081889,-0.638373,1.662472,
19.399000f,1.081889,-0.638373,1.662472,1.081889,-0.638373,1.662472,1.081889,-0.638373,1.662472,
19.400000f,-1.942272,1.044029,1.107718,-1.942272,1.044029,1.107718,-1.942272,1.044029,1.107718,
34.699001f,-1.942272,1.044029,1.107718,-1.942272,1.044029,1.107718,-1.942272,1.044029,1.107718,
34.700001f,-4.249113,-0.692597,1.381719,-4.249113,-0.692597,1.381719,-4.249113,-0.692597,1.381719,
39.799000f,-4.249113,-0.692597,1.381719,-4.249113,-0.692597,1.381719,-4.249113,-0.692597,1.381719,
39.799999f,-0.480956,0.961878,1.144018,-0.480956,0.961878,1.144018,-0.480956,0.961878,1.144018,
50.366001f,-0.480956,0.961878,1.144018,-0.480956,0.961878,1.144018,-0.480956,0.961878,1.144018,
50.386002f,-1.942272,1.044029,1.107718,-1.942272,1.044029,1.107718,-1.942272,1.044029,1.107718,
54.666000f,-1.942272,1.044029,1.107718,-1.942272,1.044029,1.107718,-1.942272,1.044029,1.107718,
54.686001f,1.081889,-0.638373,1.662472,1.081889,-0.638373,1.662472,1.081889,-0.638373,1.662472,
58.333000f,1.081889,-0.638373,1.662472,1.081889,-0.638373,1.662472,1.081889,-0.638373,1.662472,
58.353001f,-0.480956,0.961878,1.144018,-0.480956,0.961878,1.144018,-0.480956,0.961878,1.144018,
64.865997f,-0.480956,0.961878,1.144018,-0.480956,0.961878,1.144018,-0.480956,0.961878,1.144018,
64.885994f,-1.942272,1.044029,1.107718,-1.942272,1.044029,1.107718,-1.942272,1.044029,1.107718,
70.098999f,-1.942272,1.044029,1.107718,-1.942272,1.044029,1.107718,-1.942272,1.044029,1.107718,
70.099998f,1.983706,1.348192,0.935803,1.983706,1.348192,0.935803,1.983706,1.348192,0.935803,
70.265999f,1.983706,1.348192,0.935803,1.983706,1.348192,0.935803,1.983706,1.348192,0.935803,
70.333000f,1.983706,1.348192,0.935803,1.983704,1.348117,0.935795,1.983708,1.348266,0.935812,
70.400002f,1.983718,1.348635,0.935855,1.983710,1.348340,0.935821,1.983725,1.348925,0.935889,
70.466003f,1.983752,1.349954,0.936010,1.983737,1.349377,0.935942,1.983768,1.350540,0.936078,
70.532997f,1.983809,1.352133,0.936265,1.983787,1.351262,0.936163,1.983832,1.353005,0.936367,
70.599998f,1.983889,1.355157,0.936619,1.983858,1.354005,0.936484,1.983918,1.356292,0.936753,
70.666000f,1.983989,1.359010,0.937072,1.983953,1.357604,0.936907,1.984026,1.360437,0.937239,
70.733002f,1.984110,1.363676,0.937620,1.984066,1.361979,0.937420,1.984154,1.365372,0.937819,
70.800003f,1.984252,1.369140,0.938262,1.984201,1.367178,0.938031,1.984302,1.371071,0.938489,
70.865997f,1.984413,1.375385,0.938997,1.984357,1.373198,0.938739,1.984470,1.377606,0.939258,
70.932999f,1.984594,1.382398,0.939823,1.984530,1.379923,0.939531,1.984657,1.384872,0.940114,
71.000000f,1.984793,1.390160,0.940738,1.984723,1.387437,0.940417,1.984861,1.392843,0.941054,
71.066002f,1.985010,1.398658,0.941740,1.984935,1.395736,0.941395,1.985086,1.401625,0.942091,
71.133003f,1.985245,1.407876,0.942829,1.985163,1.404670,0.942450,1.985326,1.411081,0.943208,
71.199997f,1.985497,1.417797,0.944002,1.985409,1.414358,0.943595,1.985582,1.421184,0.944403,
71.265999f,1.985765,1.428406,0.945258,1.985674,1.424794,0.944830,1.985857,1.432072,0.945692,
71.333000f,1.986049,1.439687,0.946594,1.985951,1.435798,0.946133,1.986147,1.443577,0.947055,
71.400002f,1.986349,1.451626,0.948010,1.986246,1.447519,0.947523,1.986450,1.455671,0.948490,
71.466003f,1.986663,1.464206,0.949503,1.986557,1.459952,0.948998,1.986771,1.468524,0.950016,
71.532997f,1.986992,1.477411,0.951073,1.986880,1.472886,0.950535,1.987104,1.481937,0.951611,
71.599998f,1.987335,1.491226,0.952717,1.987218,1.486499,0.952154,1.987450,1.495883,0.953271,
71.666000f,1.987691,1.505636,0.954433,1.987571,1.500785,0.953855,1.987812,1.510559,0.955020,
71.733002f,1.988059,1.520624,0.956220,1.987934,1.515509,0.955610,1.988184,1.525738,0.956831,
71.800003f,1.988439,1.536175,0.958077,1.988310,1.530874,0.957444,1.988567,1.541396,0.958701,
71.865997f,1.988832,1.552273,0.960001,1.988700,1.546874,0.959356,1.988965,1.557754,0.960657,
71.932999f,1.989235,1.568903,0.961992,1.989098,1.563246,0.961314,1.989372,1.574560,0.962669,
72.000000f,1.989649,1.586049,0.964046,1.989508,1.580222,0.963348,1.989787,1.591789,0.964735,
72.066002f,1.990072,1.603695,0.966164,1.989931,1.597792,0.965455,1.990216,1.609687,0.966883,
72.133003f,1.990505,1.621826,0.968342,1.990359,1.615674,0.967603,1.990652,1.627977,0.969082,
72.199997f,1.990947,1.640426,0.970580,1.990798,1.634120,0.969821,1.991095,1.646639,0.971328,
72.265999f,1.991398,1.659480,0.972875,1.991248,1.653121,0.972109,1.991550,1.665936,0.973654,
72.333000f,1.991856,1.678971,0.975227,1.991701,1.672372,0.974430,1.992010,1.685571,0.976024,
72.400002f,1.992321,1.698885,0.977633,1.992164,1.692146,0.976818,1.992476,1.705523,0.978435,
72.466003f,1.992793,1.719205,0.980091,1.992637,1.712435,0.979272,1.992953,1.726076,0.980923,
72.532997f,1.993271,1.739916,0.982601,1.993110,1.732916,0.981752,1.993433,1.746916,0.983450,
72.599998f,1.993755,1.761002,0.985160,1.993592,1.753879,0.984295,1.993916,1.768019,0.986012,
72.666000f,1.994244,1.782448,0.987767,1.994082,1.775314,0.986899,1.994409,1.789689,0.988648,
72.733002f,1.994738,1.804237,0.990420,1.994572,1.796883,0.989524,1.994904,1.811591,0.991316,
72.800003f,1.995235,1.826355,0.993117,1.995068,1.818894,0.992206,1.995400,1.833704,0.994014,
72.865997f,1.995736,1.848786,0.995857,1.995570,1.841336,0.994946,1.995904,1.856349,0.996781,
72.932999f,1.996240,1.871513,0.998638,1.996070,1.863853,0.997700,1.996409,1.879173,0.999576,
73.000000f,1.996746,1.894522,1.001458,1.996576,1.886770,1.000507,1.996913,1.902158,1.002395,
73.066002f,1.997254,1.917796,1.004316,1.997086,1.910075,1.003367,1.997424,1.925634,1.005280,
73.133003f,1.997763,1.941321,1.007211,1.997592,1.933401,1.006235,1.997933,1.949239,1.008186,
73.199997f,1.998273,1.965080,1.010139,1.998102,1.957085,1.009153,1.998441,1.972956,1.011111,
73.265999f,1.998783,1.989057,1.013101,1.998614,1.981112,1.012118,1.998953,1.997123,1.014098,
73.333000f,1.999292,2.013238,1.016093,1.999122,2.005107,1.015086,1.999463,2.021369,1.017101,
73.400002f,1.999801,2.037606,1.019115,1.999631,2.029415,1.018098,1.999969,2.045676,1.020117,
73.466003f,2.000308,2.062146,1.022165,2.000141,2.054023,1.021155,2.000478,2.070392,1.023191,
73.532997f,2.000814,2.086842,1.025241,2.000645,2.078547,1.024207,2.000983,2.095138,1.026276,
73.599998f,2.001317,2.111679,1.028342,2.001149,2.103338,1.027299,2.001482,2.119895,1.029368,
73.666000f,2.001816,2.136641,1.031465,2.001652,2.128386,1.030431,2.001983,2.145020,1.032514,
73.733002f,2.002312,2.161711,1.034609,2.002147,2.153298,1.033552,2.002478,2.170125,1.035665,
73.800003f,2.002804,2.186876,1.037773,2.002640,2.178433,1.036710,2.002966,2.195191,1.038820,
73.865997f,2.003291,2.212118,1.040954,2.003131,2.203779,1.039902,2.003454,2.220584,1.042023,
73.932999f,2.003773,2.237423,1.044152,2.003613,2.228939,1.043078,2.003934,2.245907,1.045226,
74.000000f,2.004250,2.262774,1.047364,2.004091,2.254277,1.046286,2.004406,2.271144,1.048426,
74.066002f,2.004719,2.288156,1.050589,2.004565,2.279778,1.049523,2.004875,2.296661,1.051672,
74.133003f,2.005182,2.313554,1.053825,2.005028,2.305046,1.052740,2.005336,2.322060,1.054911,
74.199997f,2.005638,2.338951,1.057071,2.005487,2.330447,1.055983,2.005787,2.347329,1.058143,
74.265999f,2.006085,2.364332,1.060325,2.005939,2.355962,1.059250,2.006234,2.372829,1.061416,
74.333000f,2.006524,2.389682,1.063584,2.006379,2.381198,1.062492,2.006670,2.398165,1.064677,
74.400002f,2.006954,2.414984,1.066849,2.006812,2.406519,1.065755,2.007094,2.423323,1.067926,
74.466003f,2.007375,2.440224,1.070116,2.007237,2.431908,1.069037,2.007514,2.448664,1.071210,
74.532997f,2.007785,2.465385,1.073384,2.007649,2.456973,1.072289,2.007921,2.473798,1.074479,
74.599998f,2.008184,2.490452,1.076652,2.008052,2.482074,1.075558,2.008314,2.498705,1.077730,
74.666000f,2.008573,2.515409,1.079918,2.008446,2.507195,1.078841,2.008701,2.523748,1.081011,
74.733002f,2.008949,2.540241,1.083179,2.008825,2.531946,1.082088,2.009073,2.548535,1.084271,
74.800003f,2.009313,2.564931,1.086436,2.009193,2.556687,1.085346,2.009431,2.573052,1.087509,
74.865997f,2.009665,2.589465,1.089685,2.009551,2.581399,1.088614,2.009780,2.597654,1.090772,
74.932999f,2.010003,2.613826,1.092926,2.009892,2.605697,1.091842,2.010113,2.621955,1.094009,
75.000000f,2.010326,2.638000,1.096156,2.010220,2.629936,1.095076,2.010431,2.645942,1.097219,
75.066002f,2.010636,2.661969,1.099374,2.010536,2.654096,1.098314,2.010737,2.669962,1.100449,
75.133003f,2.010930,2.685719,1.102578,2.010834,2.677803,1.101507,2.011026,2.693635,1.103649,
75.199997f,2.011209,2.709235,1.105767,2.011119,2.701401,1.104702,2.011299,2.716953,1.106816,
75.265999f,2.011472,2.732499,1.108938,2.011388,2.724867,1.107895,2.011557,2.740248,1.109998,
75.333000f,2.011718,2.755498,1.112091,2.011638,2.747841,1.111039,2.011798,2.763154,1.113144,
75.400002f,2.011947,2.778214,1.115224,2.011873,2.770655,1.114178,2.012020,2.785661,1.116254,
75.466003f,2.012158,2.800633,1.118334,2.012091,2.793287,1.117312,2.012226,2.808089,1.119372,
75.532997f,2.012351,2.822739,1.121421,2.012289,2.815390,1.120391,2.012412,2.830089,1.122451,
75.599998f,2.012525,2.844516,1.124482,2.012470,2.837279,1.123461,2.012579,2.851645,1.125488,
75.666000f,2.012679,2.865948,1.127517,2.012632,2.858935,1.126520,2.012728,2.873067,1.128528,
75.733002f,2.012814,2.887020,1.130522,2.012772,2.880024,1.129520,2.012856,2.894016,1.131524,
75.800003f,2.012928,2.907716,1.133497,2.012893,2.900849,1.132506,2.012962,2.914480,1.134474,
75.865997f,2.013021,2.928021,1.136440,2.012994,2.921389,1.135475,2.013049,2.934755,1.137421,
75.932999f,2.013093,2.947919,1.139350,2.013073,2.941324,1.138381,2.013113,2.954513,1.140319,
76.000000f,2.013142,2.967394,1.142224,2.013129,2.960944,1.141267,2.013155,2.973748,1.143166,
76.066002f,2.013169,2.986431,1.145061,2.013164,2.980224,1.144131,2.013174,2.992731,1.146005,
76.133003f,2.013173,3.005013,1.147859,2.013175,2.998867,1.146929,2.013170,3.011158,1.148790,
76.199997f,2.013153,3.023126,1.150617,2.013164,3.017141,1.149700,2.013142,3.029023,1.151520,
76.265999f,2.013108,3.040754,1.153333,2.013127,3.035020,1.152444,2.013089,3.046575,1.154235,
76.333000f,2.013039,3.057880,1.156005,2.013067,3.052230,1.155118,2.013012,3.063531,1.156893,
76.400002f,2.012945,3.074490,1.158632,2.012981,3.069016,1.157760,2.012909,3.079883,1.159491,
76.466003f,2.012825,3.090568,1.161212,2.012869,3.085353,1.160369,2.012780,3.095861,1.162068,
76.532997f,2.012678,3.106098,1.163743,2.012731,3.100991,1.162904,2.012624,3.111206,1.164583,
76.599998f,2.012504,3.121064,1.166224,2.012567,3.116148,1.165402,2.012442,3.125907,1.167034,
76.666000f,2.012302,3.135451,1.168653,2.012373,3.130802,1.167861,2.012230,3.140171,1.169458,
76.733002f,2.012073,3.149244,1.171028,2.012154,3.144726,1.170242,2.011991,3.153761,1.171815,
76.800003f,2.011815,3.162426,1.173348,2.011906,3.158115,1.172581,2.011725,3.166671,1.174104,
76.865997f,2.011528,3.174981,1.175611,2.011625,3.170967,1.174872,2.011429,3.179056,1.176362,
76.932999f,2.011224,3.186757,1.177831,2.011327,3.182962,1.177092,2.011122,3.190551,1.178570,
77.000000f,2.010917,3.197635,1.180022,2.011021,3.194134,1.179293,2.010815,3.201084,1.180740,
77.066002f,2.010605,3.207659,1.182186,2.010709,3.204485,1.181476,2.010499,3.210880,1.182907,
77.133003f,2.010287,3.216869,1.184324,2.010395,3.213913,1.183612,2.010179,3.219824,1.185036,
77.199997f,2.009960,3.225306,1.186438,2.010071,3.222603,1.185734,2.009851,3.227970,1.187132,
77.265999f,2.009625,3.233013,1.188529,2.009738,3.230584,1.187842,2.009511,3.235479,1.189225,
77.333000f,2.009280,3.240031,1.190597,2.009398,3.237789,1.189908,2.009163,3.242273,1.191287,
77.400002f,2.008923,3.246400,1.192645,2.009045,3.244368,1.191962,2.008803,3.248402,1.193318,
77.466003f,2.008554,3.252163,1.194674,2.008678,3.250355,1.194007,2.008427,3.253999,1.195350,
77.532997f,2.008169,3.257361,1.196684,2.008301,3.255708,1.196014,2.008038,3.259015,1.197355,
77.599998f,2.007770,3.262035,1.198678,2.007906,3.260550,1.198013,2.007635,3.263498,1.199333,
77.666000f,2.007354,3.266227,1.200656,2.007494,3.264916,1.200006,2.007211,3.267557,1.201317,
77.733002f,2.006919,3.269978,1.202620,2.007067,3.268788,1.201965,2.006770,3.271168,1.203276,
77.800003f,2.006465,3.273330,1.204571,2.006620,3.272267,1.203920,2.006311,3.274376,1.205213,
77.865997f,2.005990,3.276323,1.206511,2.006150,3.275388,1.205873,2.005827,3.277273,1.207159,
77.932999f,2.005492,3.279000,1.208440,2.005663,3.278149,1.207795,2.005322,3.279850,1.209084,
78.000000f,2.004972,3.281402,1.210359,2.005150,3.280637,1.209718,2.004796,3.282156,1.210992,
78.066002f,2.004426,3.283570,1.212271,2.004611,3.282886,1.211642,2.004239,3.284264,1.212911,
78.133003f,2.003855,3.285545,1.214177,2.004051,3.284909,1.213539,2.003659,3.286182,1.214814,
78.199997f,2.003256,3.287370,1.216077,2.003461,3.286777,1.215441,2.003053,3.287954,1.216703,
78.265999f,2.002628,3.289085,1.217973,2.002840,3.288531,1.217348,2.002413,3.289649,1.218608,
78.333000f,2.001970,3.290733,1.219867,2.002196,3.290185,1.219233,2.001745,3.291280,1.220500,
78.400002f,2.001281,3.292353,1.221758,2.001517,3.291808,1.221125,2.001048,3.292891,1.222383,
78.466003f,2.000559,3.293988,1.223650,2.000803,3.293440,1.223026,2.000312,3.294546,1.224284,
78.532997f,1.999803,3.295681,1.225543,2.000062,3.295098,1.224909,1.999544,3.296263,1.226178,
78.599998f,1.999012,3.297470,1.227438,1.999283,3.296847,1.226803,1.998745,3.298083,1.228064,
78.666000f,1.998184,3.299398,1.229337,1.998463,3.298732,1.228710,1.997900,3.300074,1.229974,
78.733002f,1.997318,3.301507,1.231241,1.997615,3.300763,1.230602,1.997021,3.302251,1.231880,
78.800003f,1.996413,3.303838,1.233151,1.996723,3.303013,1.232510,1.996107,3.304650,1.233783,
78.865997f,1.995467,3.306432,1.235069,1.995786,3.305525,1.234435,1.995143,3.307352,1.235713,
78.932999f,1.994479,3.309330,1.236996,1.994817,3.308301,1.236349,1.994141,3.310359,1.237643,
79.000000f,1.993448,3.312575,1.238932,1.993801,3.311424,1.238281,1.993100,3.313710,1.239573,
79.066002f,1.992372,3.316208,1.240880,1.992734,3.314938,1.240235,1.992004,3.317497,1.241535,
79.133003f,1.991250,3.320270,1.242841,1.991634,3.318830,1.242182,1.990867,3.321709,1.243500,
79.199997f,1.990081,3.324801,1.244815,1.990481,3.323198,1.244151,1.989688,3.326381,1.245469,
79.265999f,1.988864,3.329846,1.246805,1.989274,3.328090,1.246145,1.988448,3.331628,1.247474,
79.333000f,1.987597,3.335443,1.248811,1.988030,3.333468,1.248136,1.987164,3.337418,1.249486,
79.400002f,1.986278,3.341635,1.250835,1.986729,3.339454,1.250154,1.985834,3.343783,1.251506,
79.466003f,1.984907,3.348463,1.252878,1.985368,3.346098,1.252200,1.984439,3.350863,1.253565,
79.532997f,1.983482,3.355968,1.254941,1.983969,3.353334,1.254246,1.982996,3.358603,1.255635,
79.599998f,1.982002,3.364193,1.257026,1.982508,3.361311,1.256323,1.981505,3.367033,1.257717,
79.666000f,1.980466,3.373178,1.259133,1.980983,3.370081,1.258434,1.979942,3.376322,1.259843,
79.733002f,1.978872,3.382965,1.261265,1.979416,3.379546,1.260547,1.978328,3.386385,1.261983,
79.800003f,1.977218,3.393595,1.263422,1.977782,3.389886,1.262695,1.976663,3.397249,1.264139,
79.865997f,1.975505,3.405110,1.265606,1.976080,3.401158,1.264881,1.974920,3.409123,1.266343,
79.932999f,1.973729,3.417551,1.267818,1.974334,3.413222,1.267072,1.973124,3.421881,1.268564,
80.000000f,1.971890,3.430960,1.270059,1.972517,3.426299,1.269304,1.971273,3.435551,1.270804,
80.066002f,1.969987,3.445377,1.272331,1.970626,3.440446,1.271576,1.969339,3.450382,1.273098,
80.133003f,1.968019,3.460845,1.274635,1.968693,3.455485,1.273858,1.967344,3.466204,1.275412,
80.199997f,1.965959,3.477380,1.276970,1.966668,3.471670,1.276183,1.965261,3.483006,1.277746,
80.265999f,1.963786,3.494944,1.279336,1.964521,3.488986,1.278551,1.963041,3.500993,1.280133,
80.333000f,1.961506,3.513494,1.281731,1.962287,3.507122,1.280924,1.960725,3.519866,1.282538,
80.400002f,1.959122,3.532988,1.284153,1.959937,3.526307,1.283338,1.958319,3.539569,1.284957,
80.466003f,1.956639,3.553384,1.286602,1.957474,3.546512,1.285790,1.955792,3.560359,1.287427,
80.532997f,1.954063,3.574639,1.289077,1.954941,3.567383,1.288244,1.953184,3.581896,1.289909,
80.599998f,1.951396,3.596712,1.291575,1.952304,3.589188,1.290734,1.950503,3.604123,1.292403,
80.666000f,1.948645,3.619559,1.294096,1.949566,3.611899,1.293261,1.947710,3.627335,1.294944,
80.733002f,1.945814,3.643139,1.296638,1.946775,3.635125,1.295783,1.944853,3.651153,1.297494,
80.800003f,1.942907,3.667409,1.299201,1.943892,3.659171,1.298340,1.941936,3.675524,1.300050,
80.865997f,1.939929,3.692328,1.301783,1.940922,3.684007,1.300929,1.938920,3.700777,1.302651,
80.932999f,1.936885,3.717852,1.304383,1.937915,3.709208,1.303510,1.935855,3.726497,1.305257,
81.000000f,1.933779,3.743941,1.306999,1.934829,3.735115,1.306121,1.932744,3.752635,1.307865,
81.066002f,1.930616,3.770550,1.309631,1.931668,3.761690,1.308760,1.929547,3.779543,1.310515,
81.133003f,1.927400,3.797638,1.312277,1.928485,3.788491,1.311388,1.926315,3.806784,1.313165,
81.199997f,1.924137,3.825164,1.314935,1.925237,3.815879,1.314043,1.923053,3.834311,1.315815,
81.265999f,1.920830,3.853083,1.317606,1.921927,3.843812,1.316723,1.919716,3.862495,1.318502,
81.333000f,1.917485,3.881356,1.320286,1.918611,3.871833,1.319387,1.916358,3.890878,1.321185,
81.400002f,1.914106,3.909937,1.322976,1.915242,3.900318,1.322073,1.912986,3.919413,1.323865,
81.466003f,1.910697,3.938787,1.325673,1.911826,3.929230,1.324782,1.909551,3.948488,1.326578,
81.532997f,1.907264,3.967862,1.328377,1.908417,3.958093,1.327471,1.906111,3.977632,1.329284,
81.599998f,1.903811,3.997121,1.331087,1.904970,3.987296,1.330179,1.902669,4.006798,1.331982,
81.666000f,1.900342,4.026520,1.333801,1.901489,4.016802,1.332905,1.899179,4.036384,1.334710,
81.733002f,1.896863,4.056017,1.336517,1.898029,4.046127,1.335607,1.895696,4.065908,1.337428,
81.800003f,1.893377,4.085571,1.339236,1.894545,4.075669,1.338325,1.892227,4.095325,1.340132,
81.865997f,1.889890,4.115140,1.341954,1.891040,4.105389,1.341057,1.888723,4.125040,1.342865,
81.932999f,1.886406,4.144680,1.344672,1.887572,4.134797,1.343762,1.885240,4.154563,1.345582,
82.000000f,1.882930,4.174150,1.347388,1.884092,4.164297,1.346479,1.881785,4.183855,1.348283,
82.066002f,1.879466,4.203506,1.350100,1.880606,4.193845,1.349206,1.878308,4.213315,1.351008,
82.133003f,1.876019,4.232708,1.352808,1.877170,4.222960,1.351902,1.874868,4.242456,1.353714,
82.199997f,1.872593,4.261713,1.355510,1.873736,4.252038,1.354606,1.871467,4.271245,1.356401,
82.265999f,1.869194,4.290478,1.358205,1.870311,4.281033,1.357317,1.868061,4.300066,1.359106,
82.333000f,1.865826,4.318962,1.360892,1.866948,4.309475,1.359993,1.864703,4.328448,1.361790,
82.400002f,1.862493,4.347121,1.363569,1.863603,4.337749,1.362674,1.861400,4.356352,1.364451,
82.466003f,1.859200,4.374914,1.366235,1.860279,4.365810,1.365358,1.858105,4.384154,1.367127,
82.532997f,1.855952,4.402298,1.368890,1.857032,4.393201,1.368003,1.854873,4.411396,1.369777,
82.599998f,1.852754,4.429232,1.371531,1.853816,4.420292,1.370649,1.851707,4.438038,1.372400,
82.666000f,1.849609,4.455672,1.374158,1.849609,4.455672,1.374158,1.849609,4.455672,1.374158,
;
287,
0.000000f,1.625822,0.881030,1.006122,1.625822,0.881030,1.006122,1.625822,0.881030,1.006122,
0.066000f,1.617728,0.881030,1.013655,1.620417,0.881030,1.011153,1.614998,0.881030,1.016196,
0.133000f,1.609524,0.881030,1.021290,1.612290,0.881030,1.018716,1.606758,0.881030,1.023864,
0.200000f,1.601215,0.881030,1.029023,1.604015,0.881030,1.026417,1.598457,0.881030,1.031590,
0.266000f,1.592806,0.881030,1.036849,1.595596,0.881030,1.034252,1.589973,0.881030,1.039485,
0.333000f,1.584301,0.881030,1.044763,1.587165,0.881030,1.042098,1.581437,0.881030,1.047429,
0.400000f,1.575707,0.881030,1.052762,1.578600,0.881030,1.050069,1.572857,0.881030,1.055414,
0.466000f,1.567027,0.881030,1.060840,1.569904,0.881030,1.058162,1.564106,0.881030,1.063558,
0.533000f,1.558267,0.881030,1.068992,1.561214,0.881030,1.066250,1.555320,0.881030,1.071735,
0.600000f,1.549431,0.881030,1.077215,1.552402,0.881030,1.074450,1.546504,0.881030,1.079939,
0.666000f,1.540525,0.881030,1.085504,1.543475,0.881030,1.082759,1.537531,0.881030,1.088290,
0.733000f,1.531553,0.881030,1.093853,1.534569,0.881030,1.091047,1.528538,0.881030,1.096659,
0.800000f,1.522521,0.881030,1.102259,1.525555,0.881030,1.099435,1.519531,0.881030,1.105041,
0.866000f,1.513432,0.881030,1.110717,1.516440,0.881030,1.107918,1.510380,0.881030,1.113558,
0.933000f,1.504293,0.881030,1.119222,1.507362,0.881030,1.116366,1.501224,0.881030,1.122078,
1.000000f,1.495108,0.881030,1.127770,1.498192,0.881030,1.124901,1.492071,0.881030,1.130597,
1.066000f,1.485882,0.881030,1.136356,1.488932,0.881030,1.133518,1.482786,0.881030,1.139238,
1.133000f,1.476620,0.881030,1.144976,1.479728,0.881030,1.142084,1.473512,0.881030,1.147868,
1.200000f,1.467327,0.881030,1.153625,1.470444,0.881030,1.150724,1.464256,0.881030,1.156483,
1.266000f,1.458007,0.881030,1.162298,1.461086,0.881030,1.159433,1.454882,0.881030,1.165207,
1.333000f,1.448666,0.881030,1.170991,1.451798,0.881030,1.168077,1.445535,0.881030,1.173905,
1.400000f,1.439309,0.881030,1.179699,1.442445,0.881030,1.176781,1.436220,0.881030,1.182575,
1.466000f,1.429940,0.881030,1.188418,1.433033,0.881030,1.185540,1.426801,0.881030,1.191340,
1.533000f,1.420565,0.881030,1.197143,1.423706,0.881030,1.194220,1.417424,0.881030,1.200066,
1.600000f,1.411188,0.881030,1.205870,1.414328,0.881030,1.202947,1.408095,0.881030,1.208749,
1.666000f,1.401814,0.881030,1.214594,1.404906,0.881030,1.211716,1.398676,0.881030,1.217514,
1.733000f,1.392449,0.881030,1.223309,1.395584,0.881030,1.220392,1.389314,0.881030,1.226227,
1.800000f,1.383096,0.881030,1.232013,1.386226,0.881030,1.229100,1.380013,0.881030,1.234882,
1.866000f,1.373762,0.881030,1.240700,1.376838,0.881030,1.237837,1.370639,0.881030,1.243606,
1.933000f,1.364451,0.881030,1.249366,1.367565,0.881030,1.246467,1.361336,0.881030,1.252264,
2.000000f,1.355167,0.881030,1.258005,1.358272,0.881030,1.255116,1.352110,0.881030,1.260851,
2.066000f,1.345917,0.881030,1.266614,1.348963,0.881030,1.263779,1.342824,0.881030,1.269492,
2.133000f,1.336704,0.881030,1.275188,1.339783,0.881030,1.272323,1.333625,0.881030,1.278053,
2.200000f,1.327533,0.881030,1.283722,1.330597,0.881030,1.280871,1.324515,0.881030,1.286531,
2.266000f,1.318411,0.881030,1.292212,1.321412,0.881030,1.289419,1.315364,0.881030,1.295048,
2.333000f,1.309340,0.881030,1.300653,1.312369,0.881030,1.297835,1.306312,0.881030,1.303472,
2.400000f,1.300328,0.881030,1.309041,1.303336,0.881030,1.306241,1.297364,0.881030,1.311799,
2.466000f,1.291377,0.881030,1.317371,1.294320,0.881030,1.314633,1.288390,0.881030,1.320150,
2.533000f,1.282494,0.881030,1.325638,1.285458,0.881030,1.322880,1.279531,0.881030,1.328396,
2.600000f,1.273683,0.881030,1.333838,1.276621,0.881030,1.331103,1.270788,0.881030,1.336532,
2.666000f,1.264949,0.881030,1.341966,1.267817,0.881030,1.339297,1.262037,0.881030,1.344676,
2.733000f,1.256297,0.881030,1.350018,1.259181,0.881030,1.347334,1.253413,0.881030,1.352701,
2.800000f,1.247732,0.881030,1.357989,1.250586,0.881030,1.355333,1.244921,0.881030,1.360605,
2.866000f,1.239259,0.881030,1.365874,1.242039,0.881030,1.363287,1.236437,0.881030,1.368501,
2.933000f,1.230883,0.881030,1.373670,1.233671,0.881030,1.371074,1.228094,0.881030,1.376265,
3.000000f,1.222608,0.881030,1.381370,1.225362,0.881030,1.378807,1.219895,0.881030,1.383895,
3.066000f,1.214440,0.881030,1.388972,1.217117,0.881030,1.386481,1.211722,0.881030,1.391501,
3.133000f,1.206383,0.881030,1.396470,1.209062,0.881030,1.393976,1.203704,0.881030,1.398963,
3.200000f,1.198443,0.881030,1.403859,1.201083,0.881030,1.401403,1.195843,0.881030,1.406278,
3.266000f,1.190625,0.881030,1.411135,1.193184,0.881030,1.408754,1.188027,0.881030,1.413553,
3.333000f,1.182932,0.881030,1.418294,1.185487,0.881030,1.415917,1.180378,0.881030,1.420672,
3.400000f,1.175371,0.881030,1.425331,1.177881,0.881030,1.422995,1.172899,0.881030,1.427632,
3.466000f,1.167946,0.881030,1.432241,1.170373,0.881030,1.429982,1.165483,0.881030,1.434533,
3.533000f,1.160662,0.881030,1.439019,1.163078,0.881030,1.436772,1.158247,0.881030,1.441267,
3.600000f,1.153524,0.881030,1.445662,1.155890,0.881030,1.443461,1.151194,0.881030,1.447831,
3.666000f,1.146538,0.881030,1.452165,1.148817,0.881030,1.450043,1.144223,0.881030,1.454319,
3.733000f,1.139706,0.881030,1.458522,1.141968,0.881030,1.456418,1.137445,0.881030,1.460626,
3.800000f,1.133036,0.881030,1.464730,1.135242,0.881030,1.462676,1.130862,0.881030,1.466753,
3.866000f,1.126531,0.881030,1.470783,1.128649,0.881030,1.468812,1.124381,0.881030,1.472785,
3.933000f,1.120197,0.881030,1.476678,1.122289,0.881030,1.474731,1.118105,0.881030,1.478625,
4.000000f,1.114038,0.881030,1.482410,1.116071,0.881030,1.480518,1.112036,0.881030,1.484273,
4.066000f,1.108060,0.881030,1.487973,1.110002,0.881030,1.486166,1.106089,0.881030,1.489808,
4.133000f,1.102267,0.881030,1.493364,1.104176,0.881030,1.491588,1.100359,0.881030,1.495141,
4.200000f,1.096665,0.881030,1.498578,1.098509,0.881030,1.496862,1.094848,0.881030,1.500269,
4.266000f,1.091257,0.881030,1.503611,1.093009,0.881030,1.501981,1.089480,0.881030,1.505265,
4.333000f,1.086050,0.881030,1.508457,1.087760,0.881030,1.506865,1.084340,0.881030,1.510048,
4.400000f,1.081048,0.881030,1.513112,1.082688,0.881030,1.511585,1.079432,0.881030,1.514616,
4.466000f,1.076256,0.881030,1.517572,1.077802,0.881030,1.516133,1.074687,0.881030,1.519032,
4.533000f,1.071678,0.881030,1.521832,1.073175,0.881030,1.520439,1.070182,0.881030,1.523224,
4.600000f,1.067321,0.881030,1.525887,1.068743,0.881030,1.524564,1.065920,0.881030,1.527191,
4.666000f,1.063188,0.881030,1.529733,1.064532,0.881030,1.528483,1.061824,0.881030,1.531003,
4.733000f,1.059176,0.881030,1.533467,1.060518,0.881030,1.532218,1.057835,0.881030,1.534715,
4.800000f,1.055178,0.881030,1.537188,1.056515,0.881030,1.535944,1.053861,0.881030,1.538414,
4.866000f,1.051193,0.881030,1.540896,1.052506,0.881030,1.539674,1.049861,0.881030,1.542136,
4.933000f,1.047222,0.881030,1.544591,1.048550,0.881030,1.543356,1.045895,0.881030,1.545827,
5.000000f,1.043265,0.881030,1.548274,1.044588,0.881030,1.547043,1.041962,0.881030,1.549487,
5.066000f,1.039322,0.881030,1.551944,1.040621,0.881030,1.550735,1.038003,0.881030,1.553171,
5.133000f,1.035392,0.881030,1.555601,1.036706,0.881030,1.554378,1.034097,0.881030,1.556806,
5.199000f,1.031476,0.881030,1.559246,1.032766,0.881030,1.558045,1.031456,0.881030,1.559264,
5.200000f,0.448710,-0.471574,1.509681,0.448710,-0.471574,1.509681,0.448710,-0.471574,1.509681,
13.833000f,0.448710,-0.471574,1.509681,0.448710,-0.471574,1.509681,0.448710,-0.471574,1.509681,
13.853001f,0.002117,-0.677109,1.518176,0.002117,-0.677109,1.518176,0.002117,-0.677109,1.518176,
19.399000f,0.002117,-0.677109,1.518176,0.002117,-0.677109,1.518176,0.002117,-0.677109,1.518176,
19.400000f,-0.351213,-0.882339,1.611189,-0.351213,-0.882339,1.611189,-0.351213,-0.882339,1.611189,
34.699001f,-0.351213,-0.882339,1.611189,-0.351213,-0.882339,1.611189,-0.351213,-0.882339,1.611189,
34.700001f,-0.532044,0.555055,1.821042,-0.532044,0.555055,1.821042,-0.532044,0.555055,1.821042,
39.799000f,-0.532044,0.555055,1.821042,-0.532044,0.555055,1.821042,-0.532044,0.555055,1.821042,
39.799999f,-1.513148,0.094089,1.379205,-1.513148,0.094089,1.379205,-1.513148,0.094089,1.379205,
50.366001f,-1.513148,0.094089,1.379205,-1.513148,0.094089,1.379205,-1.513148,0.094089,1.379205,
50.386002f,-0.351213,-0.882339,1.611189,-0.351213,-0.882339,1.611189,-0.351213,-0.882339,1.611189,
54.666000f,-0.351213,-0.882339,1.611189,-0.351213,-0.882339,1.611189,-0.351213,-0.882339,1.611189,
54.686001f,0.002117,-0.677109,1.518176,0.002117,-0.677109,1.518176,0.002117,-0.677109,1.518176,
58.333000f,0.002117,-0.677109,1.518176,0.002117,-0.677109,1.518176,0.002117,-0.677109,1.518176,
58.353001f,-1.513148,0.094089,1.379205,-1.513148,0.094089,1.379205,-1.513148,0.094089,1.379205,
64.865997f,-1.513148,0.094089,1.379205,-1.513148,0.094089,1.379205,-1.513148,0.094089,1.379205,
64.885994f,-0.351213,-0.882339,1.611189,-0.351213,-0.882339,1.611189,-0.351213,-0.882339,1.611189,
70.098999f,-0.351213,-0.882339,1.611189,-0.351213,-0.882339,1.611189,-0.351213,-0.882339,1.611189,
70.099998f,1.757235,-0.807246,1.076062,1.757235,-0.807246,1.076062,1.757235,-0.807212,1.076062,
70.133003f,1.757235,-0.807145,1.076062,1.757235,-0.807178,1.076062,1.757235,-0.807077,1.076062,
70.199997f,1.757235,-0.806943,1.076062,1.757235,-0.807011,1.076062,1.757235,-0.806876,1.076062,
70.265999f,1.757235,-0.806740,1.076062,1.757235,-0.806807,1.076062,1.757235,-0.806672,1.076062,
70.333000f,1.757235,-0.806536,1.076062,1.757241,-0.806605,1.076048,1.757229,-0.806467,1.076075,
70.400002f,1.757201,-0.806328,1.076142,1.757223,-0.806399,1.076089,1.757179,-0.806257,1.076195,
70.466003f,1.757100,-0.806110,1.076380,1.757144,-0.806183,1.076276,1.757055,-0.806035,1.076486,
70.532997f,1.756932,-0.805883,1.076775,1.756999,-0.805960,1.076617,1.756866,-0.805805,1.076933,
70.599998f,1.756700,-0.805647,1.077322,1.756788,-0.805727,1.077114,1.756613,-0.805568,1.077528,
70.666000f,1.756403,-0.805403,1.078020,1.756512,-0.805485,1.077766,1.756294,-0.805319,1.078279,
70.733002f,1.756044,-0.805149,1.078866,1.756175,-0.805236,1.078558,1.755913,-0.805063,1.079173,
70.800003f,1.755623,-0.804888,1.079857,1.755774,-0.804977,1.079501,1.755474,-0.804801,1.080207,
70.865997f,1.755141,-0.804619,1.080990,1.755310,-0.804709,1.080593,1.754969,-0.804527,1.081393,
70.932999f,1.754599,-0.804341,1.082263,1.754790,-0.804435,1.081814,1.754408,-0.804246,1.082713,
71.000000f,1.753998,-0.804055,1.083674,1.754209,-0.804152,1.083179,1.753791,-0.803960,1.084161,
71.066002f,1.753340,-0.803762,1.085218,1.753567,-0.803860,1.084687,1.753110,-0.803662,1.085758,
71.133003f,1.752626,-0.803461,1.086895,1.752874,-0.803563,1.086312,1.752377,-0.803359,1.087478,
71.199997f,1.751856,-0.803153,1.088701,1.752123,-0.803257,1.088075,1.751593,-0.803050,1.089318,
71.265999f,1.751031,-0.802837,1.090633,1.751312,-0.802942,1.089975,1.750746,-0.802730,1.091301,
71.333000f,1.750153,-0.802514,1.092689,1.750456,-0.802623,1.091980,1.749851,-0.802405,1.093398,
71.400002f,1.749224,-0.802184,1.094867,1.749544,-0.802296,1.094118,1.748908,-0.802074,1.095605,
71.466003f,1.748242,-0.801848,1.097163,1.748575,-0.801960,1.096386,1.747905,-0.801734,1.097951,
71.532997f,1.747211,-0.801504,1.099574,1.747565,-0.801621,1.098748,1.746857,-0.801388,1.100401,
71.599998f,1.746131,-0.801155,1.102099,1.746501,-0.801273,1.101235,1.745767,-0.801038,1.102951,
71.666000f,1.745003,-0.800799,1.104735,1.745383,-0.800917,1.103847,1.744617,-0.800679,1.105636,
71.733002f,1.743828,-0.800437,1.107478,1.744229,-0.800559,1.106542,1.743426,-0.800314,1.108415,
71.800003f,1.742607,-0.800068,1.110327,1.743023,-0.800193,1.109355,1.742196,-0.799946,1.111283,
71.865997f,1.741341,-0.799694,1.113278,1.741766,-0.799819,1.112288,1.740910,-0.799568,1.114283,
71.932999f,1.740032,-0.799315,1.116329,1.740477,-0.799443,1.115290,1.739586,-0.799186,1.117367,
72.000000f,1.738680,-0.798929,1.119477,1.739140,-0.799059,1.118407,1.738227,-0.798801,1.120531,
72.066002f,1.737286,-0.798539,1.122720,1.737753,-0.798669,1.121634,1.736813,-0.798407,1.123821,
72.133003f,1.735852,-0.798143,1.126054,1.736339,-0.798276,1.124922,1.735366,-0.798009,1.127186,
72.199997f,1.734379,-0.797742,1.129478,1.734879,-0.797877,1.128317,1.733887,-0.797609,1.130623,
72.265999f,1.732868,-0.797336,1.132989,1.733373,-0.797471,1.131817,1.732355,-0.797199,1.134179,
72.333000f,1.731319,-0.796925,1.136583,1.731844,-0.797064,1.135366,1.730794,-0.796787,1.137801,
72.400002f,1.729734,-0.796510,1.140259,1.730271,-0.796650,1.139014,1.729205,-0.796372,1.141485,
72.466003f,1.728114,-0.796091,1.144013,1.728654,-0.796230,1.142762,1.727565,-0.795949,1.145283,
72.532997f,1.726460,-0.795667,1.147843,1.727019,-0.795809,1.146548,1.725900,-0.795524,1.149139,
72.599998f,1.724772,-0.795239,1.151747,1.725343,-0.795383,1.150428,1.724211,-0.795097,1.153047,
72.666000f,1.723054,-0.794807,1.155721,1.723626,-0.794950,1.154398,1.722473,-0.794661,1.157064,
72.733002f,1.721304,-0.794371,1.159763,1.721895,-0.794518,1.158398,1.720713,-0.794225,1.161128,
72.800003f,1.719524,-0.793932,1.163870,1.720125,-0.794079,1.162484,1.718932,-0.793786,1.165236,
72.865997f,1.717716,-0.793489,1.168040,1.718317,-0.793635,1.166655,1.717106,-0.793340,1.169447,
72.932999f,1.715880,-0.793043,1.172270,1.716500,-0.793193,1.170844,1.715261,-0.792893,1.173697,
73.000000f,1.714018,-0.792593,1.176558,1.714646,-0.792744,1.175112,1.713399,-0.792445,1.177981,
73.066002f,1.712130,-0.792141,1.180900,1.712757,-0.792291,1.179458,1.711494,-0.791989,1.182363,
73.133003f,1.710218,-0.791686,1.185293,1.710862,-0.791839,1.183813,1.709574,-0.791533,1.186773,
73.199997f,1.708282,-0.791228,1.189736,1.708934,-0.791382,1.188241,1.707640,-0.791076,1.191210,
73.265999f,1.706325,-0.790768,1.194226,1.706974,-0.790920,1.192738,1.705665,-0.790613,1.195738,
73.333000f,1.704346,-0.790305,1.198760,1.705012,-0.790460,1.197235,1.703679,-0.790149,1.200286,
73.400002f,1.702347,-0.789840,1.203335,1.703019,-0.789996,1.201796,1.701684,-0.789686,1.204851,
73.466003f,1.700329,-0.789373,1.207949,1.700997,-0.789527,1.206421,1.699650,-0.789216,1.209501,
73.532997f,1.698293,-0.788904,1.212599,1.698977,-0.789061,1.211036,1.697608,-0.788746,1.214162,
73.599998f,1.696240,-0.788433,1.217282,1.696930,-0.788591,1.215708,1.695560,-0.788278,1.218833,
73.666000f,1.694171,-0.787961,1.221996,1.694856,-0.788117,1.220436,1.693475,-0.787802,1.223580,
73.733002f,1.692087,-0.787487,1.226738,1.692788,-0.787646,1.225145,1.691387,-0.787328,1.228331,
73.800003f,1.689990,-0.787012,1.231505,1.690695,-0.787172,1.229904,1.689296,-0.786855,1.233082,
73.865997f,1.687880,-0.786536,1.236295,1.688578,-0.786694,1.234711,1.687172,-0.786377,1.237903,
73.932999f,1.685759,-0.786059,1.241105,1.686471,-0.786219,1.239491,1.685047,-0.785899,1.242719,
74.000000f,1.683627,-0.785582,1.245932,1.684343,-0.785742,1.244313,1.682922,-0.785424,1.247528,
74.066002f,1.681486,-0.785103,1.250775,1.682194,-0.785261,1.249175,1.680768,-0.784943,1.252399,
74.133003f,1.679337,-0.784624,1.255629,1.680058,-0.784785,1.254001,1.678615,-0.784464,1.257256,
74.199997f,1.677180,-0.784145,1.260492,1.677903,-0.784306,1.258862,1.676467,-0.783987,1.262098,
74.265999f,1.675017,-0.783666,1.265363,1.675731,-0.783824,1.263755,1.674291,-0.783505,1.266995,
74.333000f,1.672849,-0.783187,1.270237,1.673576,-0.783347,1.268604,1.672122,-0.783026,1.271870,
74.400002f,1.670677,-0.782707,1.275113,1.671405,-0.782868,1.273480,1.669960,-0.782549,1.276721,
74.466003f,1.668502,-0.782229,1.279987,1.669220,-0.782387,1.278379,1.667773,-0.782068,1.281619,
74.532997f,1.666325,-0.781750,1.284858,1.667054,-0.781910,1.283227,1.665595,-0.781590,1.286488,
74.599998f,1.664147,-0.781272,1.289722,1.664876,-0.781432,1.288094,1.663428,-0.781115,1.291325,
74.666000f,1.661969,-0.780796,1.294576,1.662688,-0.780953,1.292976,1.661240,-0.780636,1.296201,
74.733002f,1.659793,-0.780320,1.299419,1.660522,-0.780479,1.297799,1.659064,-0.780160,1.301039,
74.800003f,1.657619,-0.779845,1.304247,1.658347,-0.780004,1.302633,1.656903,-0.779688,1.305838,
74.865997f,1.655449,-0.779371,1.309059,1.656164,-0.779527,1.307474,1.654723,-0.779213,1.310667,
74.932999f,1.653283,-0.778899,1.313850,1.654008,-0.779057,1.312249,1.652558,-0.778741,1.315451,
75.000000f,1.651123,-0.778429,1.318618,1.651845,-0.778586,1.317025,1.650411,-0.778274,1.320188,
75.066002f,1.648969,-0.777960,1.323362,1.649679,-0.778114,1.321801,1.648249,-0.777803,1.324946,
75.133003f,1.646823,-0.777493,1.328077,1.647541,-0.777649,1.326503,1.646106,-0.777337,1.329651,
75.199997f,1.644686,-0.777028,1.332762,1.645400,-0.777183,1.331199,1.643983,-0.776875,1.334303,
75.265999f,1.642559,-0.776565,1.337414,1.643259,-0.776718,1.335885,1.641848,-0.776411,1.338966,
75.333000f,1.640443,-0.776105,1.342030,1.641150,-0.776259,1.340490,1.639736,-0.775951,1.343570,
75.400002f,1.638339,-0.775647,1.346607,1.639041,-0.775800,1.345081,1.637647,-0.775497,1.348111,
75.466003f,1.636248,-0.775192,1.351144,1.636935,-0.775342,1.349654,1.635550,-0.775041,1.352656,
75.532997f,1.634171,-0.774740,1.355636,1.634864,-0.774891,1.354139,1.633477,-0.774589,1.357133,
75.599998f,1.632109,-0.774291,1.360082,1.632797,-0.774441,1.358601,1.631431,-0.774144,1.361541,
75.666000f,1.630064,-0.773845,1.364479,1.630736,-0.773992,1.363036,1.629381,-0.773696,1.365943,
75.733002f,1.628036,-0.773403,1.368824,1.628712,-0.773550,1.367377,1.627359,-0.773255,1.370270,
75.800003f,1.626026,-0.772963,1.373114,1.626696,-0.773110,1.371686,1.625366,-0.772819,1.374520,
75.865997f,1.624036,-0.772528,1.377347,1.624689,-0.772671,1.375960,1.623373,-0.772383,1.378755,
75.932999f,1.622067,-0.772096,1.381521,1.622723,-0.772240,1.380133,1.621411,-0.771952,1.382908,
76.000000f,1.620119,-0.771669,1.385632,1.620768,-0.771811,1.384266,1.619480,-0.771528,1.386978,
76.066002f,1.618194,-0.771245,1.389678,1.618825,-0.771384,1.388354,1.617553,-0.771104,1.391021,
76.133003f,1.616293,-0.770826,1.393656,1.616925,-0.770965,1.392335,1.615660,-0.770686,1.394976,
76.199997f,1.614416,-0.770411,1.397563,1.615040,-0.770549,1.396267,1.613801,-0.770275,1.398841,
76.265999f,1.612566,-0.770001,1.401398,1.613172,-0.770135,1.400145,1.611951,-0.769864,1.402669,
76.333000f,1.610743,-0.769595,1.405156,1.611349,-0.769730,1.403910,1.610137,-0.769460,1.406402,
76.400002f,1.608947,-0.769194,1.408837,1.609544,-0.769328,1.407617,1.608360,-0.769063,1.410038,
76.466003f,1.607181,-0.768799,1.412436,1.607759,-0.768929,1.411262,1.606595,-0.768667,1.413627,
76.532997f,1.605445,-0.768409,1.415951,1.606021,-0.768538,1.414788,1.604869,-0.768279,1.417114,
76.599998f,1.603741,-0.768024,1.419380,1.604306,-0.768152,1.418247,1.603184,-0.767898,1.420497,
76.666000f,1.602068,-0.767644,1.422720,1.602615,-0.767768,1.421633,1.601514,-0.767518,1.423823,
76.733002f,1.600430,-0.767271,1.425968,1.600973,-0.767395,1.424896,1.599887,-0.767146,1.427040,
76.800003f,1.598825,-0.766903,1.429122,1.599357,-0.767025,1.428082,1.598302,-0.766782,1.430146,
76.865997f,1.597257,-0.766541,1.432178,1.597764,-0.766659,1.431185,1.596742,-0.766422,1.433187,
76.932999f,1.595752,-0.766190,1.435141,1.596241,-0.766305,1.434163,1.595263,-0.766075,1.436120,
77.000000f,1.594337,-0.765854,1.438019,1.594797,-0.765964,1.437069,1.593884,-0.765745,1.438955,
77.066002f,1.593006,-0.765532,1.440814,1.593432,-0.765636,1.439905,1.592573,-0.765427,1.441738,
77.133003f,1.591752,-0.765223,1.443532,1.592160,-0.765325,1.442634,1.591344,-0.765122,1.444430,
77.199997f,1.590570,-0.764927,1.446175,1.590955,-0.765024,1.445302,1.590191,-0.764831,1.447036,
77.265999f,1.589455,-0.764642,1.448749,1.589813,-0.764735,1.447911,1.589091,-0.764549,1.449600,
77.333000f,1.588401,-0.764368,1.451257,1.588745,-0.764458,1.450427,1.588057,-0.764278,1.452086,
77.400002f,1.587402,-0.764104,1.453702,1.587728,-0.764191,1.452893,1.587081,-0.764019,1.454499,
77.466003f,1.586454,-0.763849,1.456089,1.586759,-0.763932,1.455311,1.586143,-0.763765,1.456880,
77.532997f,1.585549,-0.763602,1.458422,1.585845,-0.763684,1.457649,1.585253,-0.763521,1.459195,
77.599998f,1.584683,-0.763363,1.460705,1.584968,-0.763442,1.459948,1.584403,-0.763285,1.461450,
77.666000f,1.583851,-0.763130,1.462941,1.584121,-0.763206,1.462210,1.583577,-0.763052,1.463683,
77.733002f,1.583046,-0.762902,1.465134,1.583312,-0.762978,1.464406,1.582780,-0.762827,1.465862,
77.800003f,1.582263,-0.762680,1.467289,1.582522,-0.762754,1.466573,1.582007,-0.762607,1.467994,
77.865997f,1.581496,-0.762461,1.469409,1.581747,-0.762533,1.468714,1.581241,-0.762388,1.470114,
77.932999f,1.580740,-0.762246,1.471498,1.580993,-0.762317,1.470802,1.580488,-0.762174,1.472193,
78.000000f,1.579990,-0.762033,1.473560,1.580241,-0.762104,1.472873,1.579742,-0.761962,1.474237,
78.066002f,1.579239,-0.761821,1.475600,1.579487,-0.761891,1.474930,1.578986,-0.761750,1.476279,
78.133003f,1.578481,-0.761610,1.477620,1.578737,-0.761681,1.476946,1.578226,-0.761539,1.478294,
78.199997f,1.577713,-0.761398,1.479625,1.577973,-0.761469,1.478955,1.577456,-0.761329,1.480285,
78.265999f,1.576927,-0.761186,1.481619,1.577190,-0.761257,1.480962,1.576660,-0.761115,1.482285,
78.333000f,1.576119,-0.760972,1.483606,1.576394,-0.761044,1.482941,1.575843,-0.760900,1.484270,
78.400002f,1.575282,-0.760755,1.485589,1.575568,-0.760828,1.484924,1.575000,-0.760683,1.486243,
78.466003f,1.574411,-0.760534,1.487573,1.574705,-0.760608,1.486917,1.574113,-0.760459,1.488238,
78.532997f,1.573501,-0.760309,1.489561,1.573814,-0.760385,1.488894,1.573189,-0.760233,1.490229,
78.599998f,1.572546,-0.760079,1.491558,1.572875,-0.760157,1.490887,1.572223,-0.760002,1.492219,
78.666000f,1.571540,-0.759842,1.493567,1.571882,-0.759921,1.492901,1.571194,-0.759762,1.494243,
78.733002f,1.570478,-0.759599,1.495592,1.570844,-0.759682,1.494910,1.570112,-0.759516,1.496274,
78.800003f,1.569355,-0.759347,1.497638,1.569742,-0.759433,1.496949,1.568973,-0.759263,1.498317,
78.865997f,1.568163,-0.759088,1.499708,1.568568,-0.759175,1.499020,1.567752,-0.758999,1.500406,
78.932999f,1.566899,-0.758818,1.501805,1.567336,-0.758910,1.501097,1.566462,-0.758726,1.502513,
79.000000f,1.565556,-0.758538,1.503935,1.566020,-0.758634,1.503215,1.565099,-0.758444,1.504643,
79.066002f,1.564129,-0.758247,1.506100,1.564615,-0.758345,1.505379,1.563636,-0.758148,1.506832,
79.133003f,1.562613,-0.757944,1.508305,1.563137,-0.758048,1.507559,1.562089,-0.757841,1.509051,
79.199997f,1.561000,-0.757629,1.510554,1.561557,-0.757737,1.509793,1.560452,-0.757522,1.511304,
79.265999f,1.559288,-0.757299,1.512851,1.559870,-0.757410,1.512084,1.558696,-0.757186,1.513629,
79.333000f,1.557468,-0.756955,1.515199,1.558096,-0.757073,1.514403,1.556840,-0.756837,1.515995,
79.400002f,1.555537,-0.756595,1.517602,1.556203,-0.756719,1.516787,1.554880,-0.756474,1.518405,
79.466003f,1.553488,-0.756220,1.520065,1.554184,-0.756347,1.519242,1.552781,-0.756091,1.520901,
79.532997f,1.551315,-0.755827,1.522591,1.552064,-0.755962,1.521734,1.550566,-0.755692,1.523449,
79.599998f,1.549014,-0.755416,1.525185,1.549807,-0.755557,1.524304,1.548232,-0.755278,1.526052,
79.666000f,1.546578,-0.754987,1.527850,1.547405,-0.755132,1.526958,1.545739,-0.754840,1.528755,
79.733002f,1.544002,-0.754538,1.530589,1.544889,-0.754692,1.529658,1.543115,-0.754384,1.531520,
79.800003f,1.541281,-0.754068,1.533408,1.542218,-0.754229,1.532450,1.540358,-0.753910,1.534351,
79.865997f,1.538409,-0.753578,1.536309,1.539382,-0.753743,1.535338,1.537420,-0.753410,1.537296,
79.932999f,1.535379,-0.753065,1.539298,1.536421,-0.753240,1.538281,1.534338,-0.752889,1.540314,
80.000000f,1.532188,-0.752529,1.542377,1.533285,-0.752712,1.541330,1.531107,-0.752348,1.543409,
80.066002f,1.528828,-0.751969,1.545551,1.529966,-0.752158,1.544487,1.527674,-0.751778,1.546631,
80.133003f,1.525295,-0.751385,1.548823,1.526512,-0.751585,1.547710,1.524078,-0.751184,1.549936,
80.199997f,1.521562,-0.750773,1.552195,1.522849,-0.750983,1.551050,1.520294,-0.750566,1.553324,
80.265999f,1.517611,-0.750132,1.555663,1.518949,-0.750348,1.554503,1.516252,-0.749913,1.556839,
80.333000f,1.513451,-0.749463,1.559221,1.514878,-0.749692,1.558014,1.512024,-0.749234,1.560428,
80.400002f,1.509091,-0.748768,1.562867,1.510584,-0.749005,1.561632,1.507621,-0.748534,1.564084,
80.466003f,1.504541,-0.748046,1.566597,1.506072,-0.748288,1.565353,1.502986,-0.747801,1.567860,
80.532997f,1.499808,-0.747301,1.570406,1.501422,-0.747555,1.569118,1.498194,-0.747048,1.571695,
80.599998f,1.494903,-0.746533,1.574291,1.496573,-0.746794,1.572978,1.493257,-0.746275,1.575585,
80.666000f,1.489833,-0.745742,1.578248,1.491532,-0.746006,1.576931,1.488109,-0.745474,1.579585,
80.733002f,1.484609,-0.744931,1.582273,1.486384,-0.745206,1.580914,1.482834,-0.744656,1.583632,
80.800003f,1.479238,-0.744101,1.586362,1.481060,-0.744382,1.584982,1.477444,-0.743823,1.587720,
80.865997f,1.473731,-0.743252,1.590510,1.475569,-0.743535,1.589132,1.471864,-0.742964,1.591909,
80.932999f,1.468095,-0.742385,1.594715,1.470003,-0.742678,1.593298,1.466187,-0.742093,1.596132,
81.000000f,1.462339,-0.741504,1.598972,1.464286,-0.741801,1.597538,1.460422,-0.741210,1.600385,
81.066002f,1.456474,-0.740607,1.603278,1.458426,-0.740905,1.601850,1.454492,-0.740304,1.604727,
81.133003f,1.450507,-0.739696,1.607627,1.452521,-0.740003,1.606164,1.448493,-0.739389,1.609091,
81.199997f,1.444447,-0.738774,1.612018,1.446491,-0.739085,1.610541,1.442434,-0.738467,1.613472,
81.265999f,1.438304,-0.737840,1.616444,1.440344,-0.738150,1.614978,1.436234,-0.737525,1.617933,
81.333000f,1.432087,-0.736896,1.620904,1.434181,-0.737214,1.619405,1.429993,-0.736579,1.622402,
81.400002f,1.425804,-0.735944,1.625392,1.427918,-0.736264,1.623884,1.423721,-0.735628,1.626877,
81.466003f,1.419464,-0.734984,1.629905,1.421564,-0.735301,1.628412,1.417333,-0.734661,1.631420,
81.532997f,1.413076,-0.734017,1.634439,1.415222,-0.734342,1.632917,1.410930,-0.733692,1.635960,
81.599998f,1.406650,-0.733045,1.638989,1.408808,-0.733372,1.637463,1.404525,-0.732724,1.640493,
81.666000f,1.400194,-0.732070,1.643553,1.402328,-0.732392,1.642046,1.398028,-0.731743,1.645084,
81.733002f,1.393717,-0.731091,1.648126,1.395889,-0.731419,1.646594,1.391546,-0.730763,1.649659,
81.800003f,1.387228,-0.730111,1.652705,1.389403,-0.730440,1.651171,1.385087,-0.729788,1.654215,
81.865997f,1.380736,-0.729131,1.657284,1.382877,-0.729454,1.655774,1.378563,-0.728803,1.658818,
81.932999f,1.374251,-0.728151,1.661861,1.376421,-0.728479,1.660329,1.372081,-0.727823,1.663393,
82.000000f,1.367780,-0.727174,1.666431,1.369943,-0.727501,1.664902,1.365648,-0.726852,1.667938,
82.066002f,1.361333,-0.726199,1.670991,1.363455,-0.726520,1.669489,1.359179,-0.725874,1.672516,
82.133003f,1.354918,-0.725229,1.675537,1.357060,-0.725553,1.674017,1.352777,-0.724905,1.677056,
82.199997f,1.348546,-0.724265,1.680064,1.350672,-0.724587,1.678552,1.346451,-0.723948,1.681554,
82.265999f,1.342224,-0.723307,1.684569,1.344300,-0.723622,1.683087,1.340116,-0.722988,1.686074,
82.333000f,1.335962,-0.722357,1.689048,1.338048,-0.722674,1.687553,1.333876,-0.722041,1.690544,
82.400002f,1.329768,-0.721417,1.693497,1.331830,-0.721730,1.692013,1.327737,-0.721108,1.694960,
82.466003f,1.323652,-0.720486,1.697912,1.325656,-0.720792,1.696462,1.321618,-0.720177,1.699385,
82.532997f,1.317622,-0.719568,1.702289,1.319626,-0.719873,1.700830,1.315619,-0.719262,1.703749,
82.599998f,1.311688,-0.718662,1.706625,1.313658,-0.718963,1.705180,1.309747,-0.718365,1.708048,
82.666000f,1.305858,-0.717770,1.710915,1.305858,-0.717770,1.710915,1.305858,-0.717770,1.710915,
;
;
                                                                                                                                                                                                                                                                                                                                                                                                                                                                                                                                                                                                                                                                                                                                                                                                                                                                                                                                                                                                                                                                                                                                                                                                                                                                                                                                                                                                                                                                                                                                                                                                                                                                                                                                                                                                                                                                      