22,
0.000000f,41.969696,41.969696,41.969696,
3.366000f,41.969696,41.969696,41.969696,
3.366000f,41.969696,41.969696,41.969696,
5.883000f,41.969696,41.969696,41.969696,
5.883000f,41.969696,41.969696,41.969696,
11.633000f,41.969696,41.969696,41.969696,
11.633000f,41.969696,41.969696,41.969696,
15.083000f,41.969696,41.969696,41.969696,
15.083000f,41.969696,41.969696,41.969696,
21.966000f,41.969696,41.969696,41.969696,
21.966000f,41.969696,41.969696,41.969696,
24.933001f,41.969696,41.969696,41.969696,
24.933001f,41.969696,41.969696,41.969696,
30.999001f,41.969696,41.969696,41.969696,
31.000000f,41.969696,41.969696,41.969696,
37.566002f,41.969696,41.969696,41.969696,
37.566002f,41.969696,41.969696,41.969696,
43.015999f,41.969696,41.969696,41.969696,
43.015999f,41.969696,41.969696,41.969696,
46.299000f,41.969696,41.969696,41.969696,
46.299999f,41.969696,41.969696,41.969696,
56.666000f,41.969696,41.969696,41.969696,
;
22,
0.000000f,0.000000,0.000000,0.000000,
3.366000f,0.000000,0.000000,0.000000,
3.366000f,0.000000,0.000000,0.000000,
5.883000f,0.000000,0.000000,0.000000,
5.883000f,0.000000,0.000000,0.000000,
11.633000f,0.000000,0.000000,0.000000,
11.633000f,0.000000,0.000000,0.000000,
15.083000f,0.000000,0.000000,0.000000,
15.083000f,0.000000,0.000000,0.000000,
21.966000f,0.000000,0.000000,0.000000,
21.966000f,0.000000,0.000000,0.000000,
24.933001f,0.000000,0.000000,0.000000,
24.933001f,0.000000,0.000000,0.000000,
30.999001f,0.000000,0.000000,0.000000,
31.000000f,0.000000,0.000000,0.000000,
37.566002f,0.000000,0.000000,0.000000,
37.566002f,0.000000,0.000000,0.000000,
43.015999f,0.000000,0.000000,0.000000,
43.015999f,0.000000,0.000000,0.000000,
46.299000f,0.000000,0.000000,0.000000,
46.299999f,0.000000,0.000000,0.000000,
56.666000f,0.000000,0.000000,0.000000,
;
256,
0.000000f,9.816844,-13.509401,0.332826,9.816844,-13.509401,0.332826,9.816844,-13.509401,0.332826,
3.366000f,6.829845,-0.745719,0.295420,6.829845,-0.745719,0.295420,6.829845,-0.745719,0.295420,
3.386000f,6.322423,14.500171,0.133497,6.322423,14.500171,0.133497,6.322423,14.500171,0.133497,
5.883000f,6.322423,14.500171,0.133497,6.322423,14.500171,0.133497,6.322423,14.500171,0.133497,
5.903000f,5.936083,8.845073,1.150869,5.936083,8.845073,1.150869,5.908273,8.830909,1.268199,
11.633000f,5.852358,8.802432,1.504103,5.880168,8.816596,1.386773,-26.178980,-23.603466,-11.691549,
11.653001f,4.250668,7.182012,0.844270,36.282005,39.587910,14.039923,4.250668,7.182012,0.844270,
15.083000f,4.250668,7.182012,0.844270,4.250668,7.182012,0.844270,4.250668,7.182012,0.844270,
15.103001f,8.218776,11.876943,1.200453,8.218776,11.876943,1.200453,8.218776,11.876943,1.200453,
15.400000f,8.218776,11.876943,1.200453,8.218776,11.876943,1.200453,8.218776,11.876943,1.200453,
15.433000f,8.218776,11.876943,1.200453,8.218791,11.876953,1.200450,8.218760,11.876932,1.200456,
15.466000f,8.218686,11.876877,1.200472,8.218745,11.876920,1.200459,8.218625,11.876832,1.200484,
15.500000f,8.218418,11.876682,1.200526,8.218539,11.876770,1.200502,8.218301,11.876597,1.200550,
15.533000f,8.217974,11.876361,1.200617,8.218149,11.876488,1.200581,8.217798,11.876234,1.200653,
15.566000f,8.217357,11.875912,1.200744,8.217588,11.876081,1.200696,8.217118,11.875738,1.200793,
15.600000f,8.216568,11.875338,1.200905,8.216865,11.875553,1.200844,8.216280,11.875129,1.200964,
15.633000f,8.215612,11.874643,1.201101,8.215955,11.874892,1.201031,8.215270,11.874394,1.201171,
15.666000f,8.214491,11.873828,1.201331,8.214888,11.874117,1.201249,8.214082,11.873530,1.201414,
15.700000f,8.213206,11.872894,1.201594,8.213671,11.873232,1.201499,8.212756,11.872567,1.201686,
15.733000f,8.211761,11.871843,1.201890,8.212263,11.872210,1.201787,8.211258,11.871477,1.201993,
15.766000f,8.210157,11.870677,1.202218,8.210712,11.871080,1.202104,8.209586,11.870261,1.202335,
15.800000f,8.208398,11.869397,1.202578,8.209022,11.869851,1.202451,8.207792,11.868957,1.202702,
15.833000f,8.206486,11.868007,1.202970,8.207142,11.868484,1.202836,8.205830,11.867530,1.203104,
15.866000f,8.204422,11.866508,1.203392,8.205127,11.867021,1.203248,8.203695,11.865979,1.203541,
15.900000f,8.202211,11.864899,1.203845,8.202988,11.865463,1.203686,8.201458,11.864350,1.204000,
15.933000f,8.199855,11.863186,1.204328,8.200656,11.863769,1.204164,8.199054,11.862603,1.204492,
15.966000f,8.197355,11.861368,1.204840,8.198203,11.861985,1.204666,8.196482,11.860733,1.205019,
16.000000f,8.194715,11.859447,1.205380,8.195636,11.860117,1.205192,8.193821,11.858796,1.205564,
16.033001f,8.191936,11.857427,1.205949,8.192876,11.858109,1.205757,8.190997,11.856744,1.206142,
16.066000f,8.189022,11.855308,1.206546,8.190005,11.856023,1.206345,8.188008,11.854571,1.206754,
16.100000f,8.185975,11.853093,1.207170,8.187033,11.853863,1.206953,8.184948,11.852346,1.207380,
16.132999f,8.182797,11.850782,1.207821,8.183867,11.851561,1.207602,8.181727,11.850004,1.208040,
16.166000f,8.179492,11.848378,1.208498,8.180604,11.849186,1.208270,8.178347,11.847546,1.208732,
16.200001f,8.176061,11.845883,1.209200,8.177248,11.846746,1.208957,8.174909,11.845045,1.209436,
16.233000f,8.172507,11.843299,1.209928,8.173699,11.844166,1.209684,8.171314,11.842432,1.210172,
16.266001f,8.168832,11.840627,1.210681,8.170064,11.841522,1.210428,8.167562,11.839704,1.210941,
16.299999f,8.165039,11.837870,1.211457,8.166348,11.838821,1.211189,8.163769,11.836946,1.211717,
16.333000f,8.161132,11.835028,1.212258,8.162440,11.835979,1.211990,8.159823,11.834077,1.212525,
16.365999f,8.157110,11.832106,1.213081,8.158455,11.833083,1.212806,8.155725,11.831098,1.213365,
16.400000f,8.152980,11.829100,1.213927,8.154403,11.830134,1.213636,8.151599,11.828095,1.214210,
16.433001f,8.148740,11.826017,1.214795,8.150156,11.827047,1.214505,8.147324,11.824987,1.215085,
16.466000f,8.144396,11.822859,1.215685,8.145846,11.823914,1.215388,8.142901,11.821773,1.215991,
16.500000f,8.139947,11.819625,1.216596,8.141477,11.820737,1.216283,8.138463,11.818545,1.216900,
16.533001f,8.135399,11.816319,1.217527,8.136916,11.817422,1.217217,8.133883,11.815215,1.217838,
16.566000f,8.130754,11.812940,1.218479,8.132302,11.814066,1.218162,8.129158,11.811779,1.218806,
16.600000f,8.126012,11.809492,1.219450,8.127640,11.810676,1.219116,8.124432,11.808343,1.219773,
16.632999f,8.121177,11.805976,1.220440,8.122787,11.807147,1.220110,8.119567,11.804805,1.220769,
16.666000f,8.116253,11.802396,1.221448,8.117892,11.803588,1.221112,8.114564,11.801167,1.221794,
16.700001f,8.111240,11.798751,1.222475,8.112959,11.800000,1.222123,8.109572,11.797538,1.222816,
16.733000f,8.106142,11.795044,1.223519,8.107838,11.796277,1.223171,8.104446,11.793811,1.223866,
16.766001f,8.100962,11.791277,1.224580,8.102684,11.792530,1.224227,8.099187,11.789987,1.224943,
16.799999f,8.095700,11.787451,1.225657,8.097502,11.788761,1.225288,8.093951,11.786180,1.226015,
16.833000f,8.090362,11.783569,1.226750,8.092135,11.784860,1.226387,8.088588,11.782279,1.227114,
16.865999f,8.084948,11.779633,1.227859,8.086746,11.780940,1.227491,8.083095,11.778285,1.228238,
16.900000f,8.079461,11.775643,1.228983,8.081339,11.777008,1.228598,8.077639,11.774319,1.229356,
16.933001f,8.073904,11.771602,1.230121,8.075749,11.772943,1.229743,8.072060,11.770260,1.230498,
16.966000f,8.068278,11.767512,1.231273,8.070145,11.768869,1.230890,8.066355,11.766114,1.231666,
17.000000f,8.062589,11.763373,1.232438,8.064534,11.764788,1.232040,8.060700,11.762000,1.232825,
17.033001f,8.056835,11.759191,1.233616,8.058743,11.760578,1.233225,8.054927,11.757803,1.234007,
17.066000f,8.051022,11.754963,1.234807,8.052949,11.756365,1.234412,8.049035,11.753519,1.235213,
17.100000f,8.045151,11.750694,1.236009,8.047156,11.752152,1.235598,8.043204,11.749279,1.236407,
17.132999f,8.039225,11.746386,1.237222,8.041189,11.747814,1.236820,8.037260,11.744957,1.237625,
17.166000f,8.033246,11.742037,1.238447,8.035227,11.743478,1.238041,8.031205,11.740553,1.238865,
17.200001f,8.027217,11.737654,1.239681,8.029275,11.739150,1.239260,8.025220,11.736201,1.240090,
17.233000f,8.021139,11.733235,1.240926,8.023151,11.734698,1.240514,8.019127,11.731772,1.241338,
17.266001f,8.015018,11.728784,1.242180,8.017045,11.730258,1.241765,8.012929,11.727265,1.242607,
17.299999f,8.008852,11.724301,1.243442,8.010955,11.725830,1.243012,8.006811,11.722817,1.243860,
17.333000f,8.002648,11.719789,1.244713,8.004702,11.721282,1.244292,8.000595,11.718295,1.245133,
17.365999f,7.996406,11.715250,1.245991,7.998471,11.716752,1.245568,7.994277,11.713703,1.246427,
17.400000f,7.990128,11.710686,1.247277,7.992268,11.712242,1.246839,7.988050,11.709175,1.247702,
17.433001f,7.983817,11.706096,1.248569,7.985904,11.707613,1.248142,7.981730,11.704578,1.248996,
17.466000f,7.977477,11.701487,1.249867,7.979574,11.703011,1.249438,7.975317,11.699916,1.250310,
17.500000f,7.971109,11.696856,1.251172,7.973278,11.698434,1.250727,7.969003,11.695326,1.251603,
17.533001f,7.964715,11.692206,1.252481,7.966829,11.693743,1.252048,7.962602,11.690670,1.252913,
17.566000f,7.958300,11.687543,1.253795,7.960420,11.689085,1.253360,7.956116,11.685954,1.254242,
17.600000f,7.951864,11.682862,1.255113,7.954055,11.684456,1.254664,7.949738,11.681316,1.255548,
17.632999f,7.945411,11.678170,1.256434,7.947543,11.679720,1.255998,7.943279,11.676620,1.256871,
17.666000f,7.938942,11.673467,1.257759,7.941078,11.675020,1.257321,7.936741,11.671866,1.258209,
17.700001f,7.932461,11.668754,1.259086,7.934666,11.670357,1.258634,7.930321,11.667197,1.259524,
17.733000f,7.925970,11.664034,1.260415,7.928113,11.665592,1.259976,7.923827,11.662476,1.260854,
17.766001f,7.919472,11.659308,1.261746,7.921617,11.660869,1.261307,7.917262,11.657701,1.262199,
17.799999f,7.912968,11.654580,1.263078,7.915179,11.656188,1.262625,7.910822,11.653019,1.263517,
17.833000f,7.906462,11.649848,1.264410,7.908609,11.651409,1.263971,7.904315,11.648287,1.264850,
17.865999f,7.899956,11.645118,1.265743,7.902102,11.646678,1.265303,7.897744,11.643510,1.266196,
17.900000f,7.893453,11.640389,1.267074,7.895663,11.641996,1.266622,7.891307,11.638829,1.267514,
17.933001f,7.886953,11.635664,1.268405,7.889097,11.637222,1.267966,7.884810,11.634106,1.268844,
17.966000f,7.880463,11.630944,1.269735,7.882603,11.632501,1.269296,7.878258,11.629341,1.270186,
18.000000f,7.873982,11.626231,1.271062,7.876183,11.627831,1.270611,7.871846,11.624678,1.271499,
18.033001f,7.867513,11.621528,1.272386,7.869645,11.623077,1.271950,7.865381,11.619978,1.272823,
18.066000f,7.861059,11.616836,1.273708,7.863186,11.618382,1.273273,7.858868,11.615242,1.274157,
18.100000f,7.854624,11.612156,1.275026,7.856808,11.613745,1.274579,7.852504,11.610614,1.275460,
18.132999f,7.848208,11.607490,1.276340,7.850321,11.609026,1.275907,7.846095,11.605953,1.276772,
18.166000f,7.841815,11.602841,1.277649,7.843920,11.604372,1.277218,7.839646,11.601264,1.278093,
18.200001f,7.835447,11.598211,1.278953,7.837607,11.599782,1.278511,7.833350,11.596687,1.279382,
18.233000f,7.829106,11.593602,1.280251,7.831193,11.595119,1.279824,7.827019,11.592085,1.280679,
18.266001f,7.822796,11.589012,1.281544,7.824873,11.590523,1.281118,7.820657,11.587456,1.281982,
18.299999f,7.816518,11.584448,1.282829,7.818646,11.585995,1.282394,7.814453,11.582946,1.283252,
18.333000f,7.810276,11.579909,1.284108,7.812329,11.581403,1.283687,7.808222,11.578416,1.284528,
18.365999f,7.804071,11.575397,1.285378,7.806112,11.576881,1.284960,7.801969,11.573869,1.285809,
18.400000f,7.797906,11.570914,1.286641,7.799995,11.572433,1.286213,7.795879,11.569440,1.287056,
18.433001f,7.791784,11.566463,1.287895,7.793797,11.567926,1.287483,7.789772,11.565001,1.288307,
18.466000f,7.785707,11.562044,1.289139,7.787704,11.563497,1.288730,7.783649,11.560548,1.289560,
18.500000f,7.779678,11.557660,1.290374,7.781720,11.559144,1.289956,7.777697,11.556219,1.290779,
18.533001f,7.773699,11.553312,1.291598,7.775663,11.554741,1.291196,7.771735,11.551885,1.292000,
18.566000f,7.767773,11.549004,1.292812,7.769720,11.550419,1.292413,7.765768,11.547545,1.293222,
18.600000f,7.761902,11.544734,1.294014,7.763888,11.546178,1.293607,7.759974,11.543332,1.294409,
18.632999f,7.756089,11.540507,1.295204,7.757997,11.541895,1.294814,7.754180,11.539120,1.295595,
18.666000f,7.750336,11.536325,1.296383,7.752224,11.537698,1.295996,7.748391,11.534910,1.296781,
18.700001f,7.744645,11.532186,1.297548,7.746569,11.533584,1.297154,7.742778,11.530828,1.297930,
18.733000f,7.739020,11.528096,1.298700,7.740865,11.529437,1.298322,7.737175,11.526755,1.299078,
18.766001f,7.733463,11.524056,1.299838,7.735285,11.525381,1.299465,7.731586,11.522692,1.300222,
18.799999f,7.727976,11.520065,1.300961,7.729829,11.521413,1.300582,7.726177,11.518758,1.301330,
18.833000f,7.722562,11.516129,1.302070,7.724336,11.517419,1.301707,7.720788,11.514838,1.302434,
18.865999f,7.717223,11.512247,1.303164,7.718972,11.513518,1.302805,7.715421,11.510937,1.303532,
18.900000f,7.711962,11.508421,1.304241,7.713737,11.509711,1.303877,7.710239,11.507168,1.304594,
18.933001f,7.706781,11.504654,1.305302,7.708477,11.505887,1.304955,7.705086,11.503421,1.305649,
18.966000f,7.701684,11.500947,1.306346,7.703352,11.502160,1.306004,7.699965,11.499698,1.306698,
19.000000f,7.696671,11.497303,1.307372,7.698360,11.498531,1.307026,7.695032,11.496111,1.307708,
19.033001f,7.691747,11.493722,1.308381,7.693357,11.494893,1.308051,7.690137,11.492551,1.308711,
19.066000f,7.686912,11.490206,1.309371,7.688492,11.491355,1.309047,7.685284,11.489022,1.309704,
19.100000f,7.682171,11.486759,1.310342,7.683766,11.487919,1.310015,7.680622,11.485633,1.310659,
19.132999f,7.677525,11.483381,1.311293,7.679042,11.484485,1.310982,7.676008,11.482278,1.311604,
19.166000f,7.672976,11.480073,1.312225,7.674461,11.481153,1.311921,7.671447,11.478961,1.312538,
19.200001f,7.668529,11.476839,1.313136,7.670023,11.477925,1.312829,7.667078,11.475784,1.313433,
19.233000f,7.664184,11.473680,1.314025,7.665600,11.474710,1.313735,7.662767,11.472651,1.314315,
19.266001f,7.659944,11.470598,1.314893,7.661325,11.471602,1.314611,7.658521,11.469563,1.315185,
19.299999f,7.655813,11.467594,1.315739,7.657199,11.468602,1.315456,7.654468,11.466616,1.316015,
19.333000f,7.651792,11.464670,1.316563,7.653100,11.465621,1.316295,7.650484,11.463719,1.316831,
19.365999f,7.647884,11.461828,1.317363,7.649155,11.462752,1.317103,7.646575,11.460876,1.317631,
19.400000f,7.644092,11.459071,1.318140,7.645361,11.459994,1.317880,7.642859,11.458176,1.318392,
19.433001f,7.640417,11.456399,1.318892,7.641610,11.457266,1.318648,7.639225,11.455532,1.319137,
19.466000f,7.636863,11.453815,1.319620,7.638016,11.454653,1.319384,7.635676,11.452951,1.319863,
19.500000f,7.633432,11.451320,1.320323,7.634577,11.452152,1.320088,7.632320,11.450512,1.320550,
19.533001f,7.630126,11.448915,1.321000,7.631196,11.449694,1.320781,7.629056,11.448137,1.321219,
19.566000f,7.626949,11.446605,1.321650,7.627976,11.447351,1.321440,7.625891,11.445835,1.321867,
19.600000f,7.623902,11.444389,1.322274,7.624915,11.445127,1.322067,7.622919,11.443674,1.322476,
19.632999f,7.620988,11.442270,1.322871,7.621927,11.442953,1.322679,7.620049,11.441587,1.323063,
19.666000f,7.618210,11.440250,1.323440,7.619104,11.440900,1.323257,7.617289,11.439581,1.323629,
19.700001f,7.615569,11.438331,1.323981,7.616443,11.438966,1.323802,7.614721,11.437715,1.324154,
19.733000f,7.613069,11.436513,1.324493,7.613870,11.437096,1.324329,7.612268,11.435930,1.324657,
19.766001f,7.610713,11.434799,1.324975,7.611466,11.435348,1.324821,7.609936,11.434235,1.325134,
19.799999f,7.608501,11.433192,1.325428,7.609228,11.433721,1.325279,7.607796,11.432679,1.325572,
19.833000f,7.606439,11.431691,1.325851,7.607094,11.432168,1.325716,7.605783,11.431214,1.325985,
19.865999f,7.604526,11.430302,1.326242,7.605132,11.430742,1.326118,7.603902,11.429848,1.326370,
19.900000f,7.602767,11.429022,1.326602,7.603339,11.429438,1.326485,7.602212,11.428618,1.326716,
19.933001f,7.601163,11.427855,1.326931,7.601666,11.428221,1.326828,7.600660,11.427489,1.327034,
19.966000f,7.599718,11.426805,1.327227,7.600168,11.427133,1.327135,7.599254,11.426468,1.327322,
20.000000f,7.598433,11.425870,1.327490,7.598842,11.426167,1.327406,7.598036,11.425581,1.327571,
20.033001f,7.597311,11.425055,1.327720,7.597654,11.425303,1.327649,7.596968,11.424806,1.327790,
20.066000f,7.596355,11.424360,1.327915,7.596643,11.424569,1.327857,7.596059,11.424145,1.327976,
20.100000f,7.595567,11.423786,1.328077,7.595806,11.423960,1.328028,7.595335,11.423617,1.328124,
20.132999f,7.594950,11.423338,1.328203,7.595125,11.423465,1.328167,7.594775,11.423211,1.328239,
20.166000f,7.594507,11.423015,1.328294,7.594624,11.423100,1.328270,7.594386,11.422927,1.328319,
20.200001f,7.594238,11.422821,1.328349,7.594299,11.422865,1.328336,7.594179,11.422778,1.328361,
20.233000f,7.594148,11.422755,1.328367,7.594163,11.422766,1.328364,7.594133,11.422745,1.328371,
20.266001f,7.594148,11.422755,1.328367,7.594148,11.422755,1.328367,7.594148,11.422755,1.328367,
21.966000f,7.594148,11.422755,1.328367,7.594148,11.422755,1.328367,7.594148,11.422755,1.328367,
21.986000f,3.602863,6.904889,0.946669,3.602863,6.904889,0.946669,3.602863,6.904889,0.946669,
24.933001f,3.602863,6.904889,0.946669,3.602863,6.904889,0.946669,3.602863,6.904889,0.946669,
24.953001f,5.571713,9.472973,1.250554,5.571713,9.472973,1.250554,5.571713,9.472973,1.250554,
30.999001f,5.571713,9.472973,1.250554,5.571713,9.472973,1.250554,5.571713,9.472973,1.250554,
31.000000f,3.536432,8.295145,1.296623,3.536432,8.295145,1.296623,3.536432,8.295145,1.296623,
37.566002f,3.536432,8.295145,1.296623,3.536432,8.295145,1.296623,3.536432,8.295145,1.296623,
37.586002f,8.683621,12.668160,0.025978,8.683621,12.668160,0.025978,8.683621,12.668160,0.025978,
43.015999f,8.683621,12.668160,0.025978,8.683621,12.668160,0.025978,8.683621,12.668160,0.025978,
43.035999f,4.747992,8.675271,1.499295,4.747992,8.675271,1.499295,4.747992,8.675271,1.499295,
43.166000f,4.747992,8.675271,1.499295,4.747992,8.675271,1.499295,4.747992,8.675271,1.499295,
43.200001f,4.747992,8.675271,1.499295,4.747867,8.675261,1.499307,4.748112,8.675281,1.499283,
43.233002f,4.748723,8.675330,1.499225,4.748245,8.675291,1.499270,4.749200,8.675369,1.499179,
43.265999f,4.750886,8.675508,1.499017,4.749943,8.675429,1.499107,4.751858,8.675589,1.498924,
43.299999f,4.754438,8.675805,1.498677,4.753002,8.675683,1.498814,4.755832,8.675923,1.498545,
43.333000f,4.759334,8.676226,1.498212,4.757504,8.676066,1.498386,4.761164,8.676385,1.498039,
43.366001f,4.765530,8.676768,1.497628,4.763278,8.676568,1.497840,4.767850,8.676974,1.497410,
43.400002f,4.772982,8.677438,1.496930,4.770243,8.677189,1.497185,4.775640,8.677680,1.496682,
43.432999f,4.781645,8.678235,1.496124,4.778594,8.677951,1.496406,4.784697,8.678519,1.495841,
43.466000f,4.791475,8.679160,1.495215,4.788046,8.678833,1.495531,4.795008,8.679497,1.494890,
43.500000f,4.802428,8.680217,1.494211,4.798521,8.679835,1.494568,4.806220,8.680587,1.493865,
43.533001f,4.814459,8.681405,1.493117,4.810318,8.680990,1.493492,4.818600,8.681820,1.492742,
43.566002f,4.827525,8.682729,1.491938,4.823050,8.682270,1.492340,4.832134,8.683202,1.491524,
43.599998f,4.841580,8.684188,1.490680,4.836642,8.683668,1.491120,4.846375,8.684692,1.490253,
43.632999f,4.856582,8.685785,1.489350,4.851483,8.685235,1.489800,4.861681,8.686336,1.488900,
43.666000f,4.872485,8.687522,1.487953,4.867096,8.686926,1.488424,4.878037,8.688136,1.487468,
43.700001f,4.889245,8.689400,1.486496,4.883409,8.688737,1.487000,4.894910,8.690043,1.486006,
43.733002f,4.906818,8.691421,1.484983,4.900893,8.690730,1.485490,4.912744,8.692111,1.484476,
43.765999f,4.925161,8.693587,1.483421,4.918990,8.692848,1.483944,4.931520,8.694348,1.482883,
43.799999f,4.944227,8.695899,1.481816,4.937630,8.695087,1.482368,4.950631,8.696687,1.481280,
43.833000f,4.963974,8.698359,1.480174,4.957353,8.697523,1.480721,4.970595,8.699196,1.479627,
43.866001f,4.984357,8.700971,1.478500,4.977533,8.700084,1.479056,4.991387,8.701884,1.477926,
43.900002f,5.005332,8.703732,1.476801,4.998108,8.702767,1.477382,5.012342,8.704669,1.476237,
43.932999f,5.026854,8.706649,1.475081,5.019670,8.705661,1.475651,5.034039,8.707637,1.474512,
43.966000f,5.048879,8.709720,1.473348,5.041536,8.708680,1.473921,5.056445,8.710791,1.472758,
44.000000f,5.071363,8.712948,1.471607,5.063649,8.711823,1.472199,5.078851,8.714040,1.471032,
44.033001f,5.094262,8.716335,1.469864,5.086644,8.715191,1.470439,5.101879,8.717480,1.469290,
44.066002f,5.117531,8.719882,1.468125,5.109799,8.718685,1.468697,5.125497,8.721115,1.467535,
44.099998f,5.141127,8.723592,1.466395,5.133058,8.722303,1.466981,5.148959,8.724843,1.465827,
44.132999f,5.165004,8.727465,1.464681,5.157086,8.726159,1.465243,5.172923,8.728770,1.464119,
44.166000f,5.189119,8.731504,1.462988,5.181130,8.730144,1.463543,5.197351,8.732906,1.462418,
44.200001f,5.213428,8.735711,1.461323,5.205139,8.734252,1.461884,5.221474,8.737127,1.460779,
44.233002f,5.237885,8.740088,1.459691,5.229798,8.738615,1.460223,5.245972,8.741559,1.459159,
44.265999f,5.262449,8.744635,1.458098,5.254334,8.743106,1.458616,5.270810,8.746210,1.457564,
44.299999f,5.287072,8.749353,1.456550,5.278698,8.747719,1.457067,5.295200,8.750939,1.456047,
44.333000f,5.311711,8.754248,1.455053,5.303586,8.752604,1.455537,5.319837,8.755892,1.454568,
44.366001f,5.336323,8.759318,1.453612,5.328214,8.757616,1.454077,5.344678,8.761072,1.453133,
44.400002f,5.360863,8.764566,1.452234,5.352540,8.762752,1.452691,5.368940,8.766328,1.451791,
44.432999f,5.385286,8.769994,1.450924,5.377254,8.768173,1.451344,5.393319,8.771814,1.450504,
44.466000f,5.409549,8.775603,1.449689,5.401577,8.773722,1.450083,5.417762,8.777541,1.449283,
44.500000f,5.433607,8.781396,1.448534,5.425470,8.779395,1.448912,5.441504,8.783338,1.448167,
44.533001f,5.457416,8.787373,1.447465,5.449608,8.785369,1.447802,5.465223,8.789376,1.447127,
44.566002f,5.480931,8.793537,1.446488,5.473227,8.791472,1.446794,5.488867,8.795665,1.446172,
44.599998f,5.504108,8.799890,1.445609,5.496294,8.797698,1.445890,5.511693,8.802017,1.445336,
44.632999f,5.526904,8.806433,1.444833,5.519452,8.804242,1.445071,5.534355,8.808623,1.444595,
44.666000f,5.549273,8.813167,1.444167,5.541969,8.810912,1.444368,5.556798,8.815489,1.443961,
44.700001f,5.571172,8.820094,1.443617,5.563815,8.817705,1.443783,5.578313,8.822412,1.443455,
44.733002f,5.592556,8.827218,1.443188,5.585592,8.824835,1.443308,5.599520,8.829601,1.443067,
44.765999f,5.613382,8.834538,1.442886,5.606610,8.832090,1.442964,5.620359,8.837061,1.442806,
44.799999f,5.633604,8.842058,1.442717,5.626839,8.839468,1.442751,5.640170,8.844573,1.442685,
44.833000f,5.653179,8.849778,1.442688,5.646833,8.847198,1.442674,5.659524,8.852359,1.442702,
44.866001f,5.672061,8.857700,1.442803,5.665952,8.855053,1.442740,5.678356,8.860429,1.442868,
44.900002f,5.690208,8.865827,1.443069,5.684172,8.863029,1.442952,5.696067,8.868542,1.443182,
44.932999f,5.707575,8.874160,1.443491,5.701848,8.871278,1.443311,5.713303,8.877042,1.443671,
44.966000f,5.724926,8.883296,1.444159,5.719082,8.880062,1.443887,5.730947,8.886627,1.444440,
45.000000f,5.742994,8.893758,1.445141,5.736744,8.889995,1.444758,5.749061,8.897410,1.445514,
45.033001f,5.761694,8.905437,1.446416,5.755435,8.901401,1.445951,5.767954,8.909472,1.446881,
45.066002f,5.780937,8.918221,1.447959,5.774512,8.913837,1.447409,5.787556,8.922735,1.448525,
45.099998f,5.800637,8.932001,1.449748,5.793878,8.927166,1.449102,5.807199,8.936694,1.450376,
45.132999f,5.820706,8.946667,1.451761,5.814037,8.941700,1.451064,5.827375,8.951633,1.452458,
45.166000f,5.841057,8.962108,1.453974,5.834310,8.956903,1.453215,5.848009,8.967470,1.454757,
45.200001f,5.861603,8.978213,1.456365,5.854599,8.972644,1.455526,5.868400,8.983620,1.457180,
45.233002f,5.882256,8.994874,1.458912,5.875437,8.989303,1.458050,5.889073,9.000444,1.459773,
45.265999f,5.902929,9.011979,1.461590,5.896119,9.006280,1.460688,5.909945,9.017851,1.462519,
45.299999f,5.923535,9.029419,1.464377,5.916556,9.023452,1.463415,5.930309,9.035211,1.465311,
45.333000f,5.943987,9.047082,1.467251,5.937278,9.041235,1.466292,5.950696,9.052929,1.468210,
45.366001f,5.964197,9.064859,1.470188,5.957582,9.058992,1.469212,5.971012,9.070904,1.471194,
45.400002f,5.984078,9.082641,1.473167,5.977390,9.076613,1.472151,5.990569,9.088490,1.474152,
45.432999f,6.003542,9.100314,1.476163,5.997203,9.094519,1.475175,6.009882,9.106111,1.477151,
45.466000f,6.022504,9.117771,1.479154,6.016345,9.112064,1.478172,6.028850,9.123651,1.480167,
45.500000f,6.040874,9.134901,1.482118,6.034744,9.129152,1.481119,6.046824,9.140481,1.483088,
45.533001f,6.058567,9.151593,1.485032,6.052855,9.146175,1.484082,6.064278,9.157011,1.485981,
45.566002f,6.075494,9.167737,1.487872,6.070049,9.162519,1.486951,6.081103,9.173113,1.488821,
45.599998f,6.091568,9.183224,1.490616,6.086264,9.178090,1.489703,6.096718,9.188208,1.491502,
45.632999f,6.106703,9.197943,1.493241,6.101878,9.193231,1.492398,6.111527,9.202655,1.494084,
45.666000f,6.120811,9.211782,1.495725,6.116339,9.207378,1.494932,6.125417,9.216319,1.496541,
45.700001f,6.133803,9.224633,1.498044,6.129590,9.220451,1.497287,6.137892,9.228692,1.498778,
45.733002f,6.145594,9.236384,1.500175,6.141916,9.232706,1.499506,6.149272,9.240063,1.500844,
45.765999f,6.156096,9.246928,1.502097,6.152858,9.243668,1.501501,6.159433,9.250288,1.502710,
45.799999f,6.165223,9.256151,1.503785,6.162369,9.253259,1.503254,6.167993,9.258959,1.504300,
45.833000f,6.172885,9.263945,1.505217,6.170612,9.261627,1.504791,6.175158,9.266262,1.505644,
45.866001f,6.178997,9.270198,1.506371,6.177250,9.268407,1.506040,6.180796,9.272043,1.506712,
45.900002f,6.183470,9.274801,1.507224,6.182242,9.273536,1.506989,6.184661,9.276030,1.507452,
45.932999f,6.186217,9.277644,1.507752,6.185610,9.277015,1.507635,6.186825,9.278274,1.507869,
45.966000f,6.187153,9.278616,1.507933,6.186999,9.278456,1.507903,6.187313,9.278781,1.507964,
46.000000f,6.187153,9.278616,1.507933,6.187153,9.278616,1.507933,6.187153,9.278616,1.507933,
46.299000f,6.187153,9.278616,1.507933,6.187153,9.278616,1.507933,6.187153,9.278616,1.507933,
46.299999f,4.032598,9.004352,0.757372,4.032598,9.004352,0.757372,4.032598,9.004352,0.757372,
46.333000f,4.032598,9.004352,0.757372,4.032598,9.004352,0.757372,4.032598,9.004352,0.757372,
56.666000f,4.032598,9.004352,0.757372,4.032598,9.004352,0.757372,4.032598,9.004352,0.757372,
;
256,
0.000000f,-0.001763,6.037627,2.127125,-0.001763,6.037627,2.127125,-0.001763,6.037627,2.127125,
3.366000f,2.729131,7.243457,1.828699,2.729131,7.243457,1.828699,2.729131,7.243457,1.828699,
3.386000f,2.107719,6.516175,1.352439,2.107719,6.516175,1.352439,2.107719,6.516175,1.352439,
5.883000f,2.107719,6.516175,1.352439,2.107719,6.516175,1.352439,2.107719,6.516175,1.352439,
5.903000f,3.288085,10.520964,0.914652,3.288085,10.520964,0.914652,3.288085,10.520964,0.914652,
11.633000f,3.288085,10.520964,0.914652,3.288085,10.520964,0.914652,24.242115,17.173697,5.531712,
11.653001f,4.335867,10.853626,1.145523,-16.618162,4.200893,-3.471537,4.335867,10.853626,1.145523,
15.083000f,4.335867,10.853626,1.145523,4.335867,10.853626,1.145523,4.335867,10.853626,1.145523,
15.103001f,4.548791,10.916147,1.611861,4.548791,10.916147,1.611861,4.548791,10.916147,1.611861,
15.400000f,4.548791,10.916147,1.611861,4.548791,10.916147,1.611861,4.548791,10.916147,1.611861,
15.433000f,4.548791,10.916147,1.611861,4.548785,10.916148,1.611865,4.548797,10.916146,1.611858,
15.466000f,4.548827,10.916140,1.611840,4.548803,10.916143,1.611854,4.548852,10.916135,1.611825,
15.500000f,4.548936,10.916121,1.611776,4.548887,10.916130,1.611804,4.548984,10.916113,1.611747,
15.533000f,4.549115,10.916090,1.611669,4.549044,10.916102,1.611711,4.549185,10.916078,1.611627,
15.566000f,4.549364,10.916046,1.611521,4.549270,10.916063,1.611577,4.549461,10.916029,1.611464,
15.600000f,4.549683,10.915989,1.611332,4.549563,10.916010,1.611403,4.549799,10.915968,1.611263,
15.633000f,4.550069,10.915920,1.611103,4.549931,10.915945,1.611185,4.550208,10.915895,1.611021,
15.666000f,4.550523,10.915839,1.610834,4.550362,10.915868,1.610929,4.550688,10.915810,1.610736,
15.700000f,4.551042,10.915747,1.610526,4.550855,10.915780,1.610637,4.551224,10.915714,1.610418,
15.733000f,4.551627,10.915643,1.610179,4.551424,10.915679,1.610300,4.551830,10.915606,1.610059,
15.766000f,4.552275,10.915528,1.609795,4.552051,10.915568,1.609928,4.552506,10.915487,1.609658,
15.800000f,4.552986,10.915401,1.609373,4.552733,10.915445,1.609522,4.553231,10.915357,1.609228,
15.833000f,4.553759,10.915265,1.608914,4.553494,10.915312,1.609071,4.554024,10.915218,1.608757,
15.866000f,4.554593,10.915114,1.608420,4.554307,10.915165,1.608589,4.554886,10.915062,1.608245,
15.900000f,4.555486,10.914956,1.607889,4.555172,10.915011,1.608076,4.555791,10.914902,1.607709,
15.933000f,4.556439,10.914787,1.607324,4.556116,10.914845,1.607517,4.556763,10.914730,1.607132,
15.966000f,4.557449,10.914607,1.606725,4.557106,10.914668,1.606928,4.557803,10.914544,1.606516,
16.000000f,4.558517,10.914417,1.606092,4.558145,10.914483,1.606313,4.558878,10.914353,1.605878,
16.033001f,4.559640,10.914217,1.605425,4.559260,10.914285,1.605651,4.560019,10.914149,1.605200,
16.066000f,4.560818,10.914008,1.604727,4.560421,10.914079,1.604963,4.561228,10.913936,1.604484,
16.100000f,4.562050,10.913789,1.603996,4.561622,10.913865,1.604250,4.562465,10.913714,1.603750,
16.132999f,4.563334,10.913561,1.603234,4.562902,10.913638,1.603491,4.563767,10.913484,1.602978,
16.166000f,4.564670,10.913322,1.602442,4.564221,10.913403,1.602708,4.565133,10.913240,1.602167,
16.200001f,4.566057,10.913076,1.601619,4.565577,10.913161,1.601904,4.566523,10.912993,1.601343,
16.233000f,4.567494,10.912821,1.600767,4.567012,10.912907,1.601053,4.567976,10.912735,1.600481,
16.266001f,4.568979,10.912556,1.599886,4.568481,10.912644,1.600181,4.569492,10.912464,1.599581,
16.299999f,4.570512,10.912284,1.598976,4.569983,10.912378,1.599290,4.571026,10.912192,1.598672,
16.333000f,4.572092,10.912003,1.598039,4.571563,10.912097,1.598353,4.572621,10.911908,1.597726,
16.365999f,4.573718,10.911714,1.597075,4.573174,10.911810,1.597397,4.574278,10.911614,1.596743,
16.400000f,4.575387,10.911417,1.596084,4.574812,10.911519,1.596426,4.575946,10.911318,1.595753,
16.433001f,4.577101,10.911112,1.595068,4.576529,10.911214,1.595407,4.577674,10.911010,1.594728,
16.466000f,4.578857,10.910799,1.594026,4.578271,10.910903,1.594374,4.579462,10.910691,1.593668,
16.500000f,4.580656,10.910480,1.592960,4.580038,10.910589,1.593326,4.581255,10.910373,1.592604,
16.533001f,4.582494,10.910152,1.591869,4.581881,10.910261,1.592233,4.583107,10.910044,1.591505,
16.566000f,4.584372,10.909818,1.590755,4.583746,10.909929,1.591126,4.585017,10.909703,1.590372,
16.600000f,4.586288,10.909478,1.589618,4.585630,10.909595,1.590008,4.586927,10.909365,1.589239,
16.632999f,4.588243,10.909131,1.588459,4.587592,10.909247,1.588845,4.588893,10.909015,1.588073,
16.666000f,4.590233,10.908775,1.587278,4.589571,10.908894,1.587671,4.590916,10.908653,1.586873,
16.700001f,4.592260,10.908415,1.586076,4.591565,10.908538,1.586488,4.592934,10.908295,1.585676,
16.733000f,4.594320,10.908049,1.584854,4.593635,10.908171,1.585260,4.595006,10.907927,1.584447,
16.766001f,4.596415,10.907677,1.583612,4.595718,10.907801,1.584025,4.597132,10.907549,1.583186,
16.799999f,4.598541,10.907298,1.582350,4.597813,10.907428,1.582782,4.599248,10.907172,1.581931,
16.833000f,4.600699,10.906914,1.581070,4.599982,10.907042,1.581495,4.601417,10.906786,1.580645,
16.865999f,4.602888,10.906525,1.579772,4.602160,10.906654,1.580203,4.603637,10.906391,1.579327,
16.900000f,4.605106,10.906130,1.578456,4.604347,10.906264,1.578906,4.605843,10.905999,1.578019,
16.933001f,4.607353,10.905731,1.577124,4.606607,10.905864,1.577566,4.608099,10.905599,1.576681,
16.966000f,4.609626,10.905327,1.575775,4.608872,10.905461,1.576222,4.610404,10.905189,1.575314,
17.000000f,4.611926,10.904918,1.574410,4.611140,10.905058,1.574877,4.612689,10.904782,1.573957,
17.033001f,4.614252,10.904504,1.573031,4.613481,10.904641,1.573488,4.615024,10.904366,1.572573,
17.066000f,4.616602,10.904085,1.571637,4.615823,10.904223,1.572099,4.617405,10.903942,1.571161,
17.100000f,4.618975,10.903663,1.570229,4.618165,10.903807,1.570710,4.619762,10.903522,1.569762,
17.132999f,4.621370,10.903237,1.568808,4.620576,10.903378,1.569279,4.622164,10.903096,1.568337,
17.166000f,4.623787,10.902808,1.567374,4.622986,10.902950,1.567849,4.624612,10.902661,1.566885,
17.200001f,4.626225,10.902374,1.565929,4.625392,10.902522,1.566422,4.627032,10.902230,1.565450,
17.233000f,4.628681,10.901937,1.564472,4.627868,10.902082,1.564954,4.629495,10.901793,1.563989,
17.266001f,4.631156,10.901498,1.563004,4.630337,10.901644,1.563490,4.632000,10.901348,1.562503,
17.299999f,4.633647,10.901054,1.561526,4.632798,10.901206,1.562030,4.634472,10.900908,1.561036,
17.333000f,4.636156,10.900608,1.560038,4.635326,10.900756,1.560530,4.636986,10.900460,1.559545,
17.365999f,4.638680,10.900160,1.558541,4.637845,10.900309,1.559036,4.639540,10.900007,1.558030,
17.400000f,4.641217,10.899708,1.557035,4.640352,10.899861,1.557549,4.642056,10.899558,1.556538,
17.433001f,4.643768,10.899254,1.555522,4.642924,10.899404,1.556023,4.644611,10.899104,1.555022,
17.466000f,4.646331,10.898799,1.554002,4.645483,10.898950,1.554505,4.647204,10.898643,1.553484,
17.500000f,4.648905,10.898341,1.552475,4.648028,10.898498,1.552995,4.649756,10.898190,1.551970,
17.533001f,4.651489,10.897881,1.550942,4.650635,10.898032,1.551449,4.652343,10.897729,1.550435,
17.566000f,4.654083,10.897419,1.549404,4.653226,10.897572,1.549912,4.654966,10.897262,1.548880,
17.600000f,4.656684,10.896956,1.547861,4.655799,10.897114,1.548386,4.657544,10.896804,1.547351,
17.632999f,4.659293,10.896493,1.546313,4.658431,10.896646,1.546824,4.660154,10.896339,1.545802,
17.666000f,4.661908,10.896028,1.544762,4.661044,10.896181,1.545274,4.662797,10.895869,1.544234,
17.700001f,4.664527,10.895561,1.543208,4.663636,10.895720,1.543737,4.665392,10.895408,1.542695,
17.733000f,4.667151,10.895095,1.541652,4.666285,10.895249,1.542166,4.668018,10.894940,1.541138,
17.766001f,4.669778,10.894628,1.540094,4.668911,10.894782,1.540608,4.670671,10.894468,1.539564,
17.799999f,4.672407,10.894160,1.538534,4.671513,10.894320,1.539064,4.673275,10.894006,1.538019,
17.833000f,4.675037,10.893692,1.536974,4.674169,10.893847,1.537489,4.675905,10.893538,1.536459,
17.865999f,4.677667,10.893225,1.535414,4.676800,10.893379,1.535929,4.678561,10.893065,1.534884,
17.900000f,4.680296,10.892757,1.533854,4.679402,10.892917,1.534384,4.681163,10.892603,1.533340,
17.933001f,4.682923,10.892290,1.532296,4.682056,10.892445,1.532810,4.683789,10.892136,1.531783,
17.966000f,4.685547,10.891824,1.530740,4.684682,10.891977,1.531253,4.686438,10.891665,1.530211,
18.000000f,4.688167,10.891357,1.529186,4.687277,10.891516,1.529714,4.689030,10.891204,1.528673,
18.033001f,4.690782,10.890892,1.527635,4.689920,10.891046,1.528146,4.691643,10.890738,1.527124,
18.066000f,4.693390,10.890429,1.526087,4.692530,10.890581,1.526597,4.694275,10.890271,1.525562,
18.100000f,4.695992,10.889966,1.524544,4.695108,10.890123,1.525068,4.696848,10.889813,1.524036,
18.132999f,4.698585,10.889504,1.523006,4.697731,10.889656,1.523513,4.699439,10.889353,1.522499,
18.166000f,4.701169,10.889044,1.521473,4.700318,10.889195,1.521978,4.702046,10.888887,1.520953,
18.200001f,4.703743,10.888586,1.519946,4.702870,10.888741,1.520464,4.704591,10.888435,1.519443,
18.233000f,4.706306,10.888131,1.518426,4.705463,10.888281,1.518926,4.707150,10.887981,1.517925,
18.266001f,4.708858,10.887677,1.516912,4.708018,10.887827,1.517410,4.709723,10.887524,1.516399,
18.299999f,4.711395,10.887225,1.515407,4.710535,10.887378,1.515917,4.712230,10.887076,1.514912,
18.333000f,4.713918,10.886777,1.513910,4.713088,10.886925,1.514403,4.714748,10.886629,1.513418,
18.365999f,4.716426,10.886331,1.512422,4.715601,10.886477,1.512912,4.717277,10.886179,1.511918,
18.400000f,4.718919,10.885887,1.510944,4.718074,10.886037,1.511445,4.719738,10.885741,1.510458,
18.433001f,4.721393,10.885448,1.509476,4.720580,10.885592,1.509959,4.722207,10.885303,1.508994,
18.466000f,4.723850,10.885011,1.508019,4.723042,10.885155,1.508498,4.724681,10.884863,1.507526,
18.500000f,4.726287,10.884576,1.506574,4.725462,10.884723,1.507063,4.727088,10.884433,1.506099,
18.533001f,4.728704,10.884147,1.505140,4.727910,10.884288,1.505611,4.729498,10.884006,1.504669,
18.566000f,4.731099,10.883720,1.503719,4.730312,10.883861,1.504186,4.731910,10.883576,1.503238,
18.600000f,4.733472,10.883299,1.502311,4.732669,10.883442,1.502787,4.734251,10.883161,1.501849,
18.632999f,4.735822,10.882880,1.500917,4.735051,10.883018,1.501375,4.736594,10.882743,1.500460,
18.666000f,4.738148,10.882467,1.499538,4.737385,10.882603,1.499990,4.738935,10.882327,1.499071,
18.700001f,4.740448,10.882058,1.498173,4.739670,10.882196,1.498635,4.741203,10.881924,1.497726,
18.733000f,4.742722,10.881654,1.496825,4.741976,10.881786,1.497267,4.743468,10.881521,1.496382,
18.766001f,4.744968,10.881253,1.495492,4.744232,10.881384,1.495929,4.745727,10.881118,1.495042,
18.799999f,4.747187,10.880859,1.494176,4.746438,10.880993,1.494621,4.747914,10.880730,1.493745,
18.833000f,4.749375,10.880469,1.492878,4.748658,10.880597,1.493304,4.750092,10.880342,1.492453,
18.865999f,4.751533,10.880087,1.491598,4.750826,10.880213,1.492017,4.752261,10.879957,1.491166,
18.900000f,4.753660,10.879708,1.490336,4.752942,10.879836,1.490762,4.754356,10.879584,1.489923,
18.933001f,4.755754,10.879335,1.489094,4.755068,10.879457,1.489501,4.756439,10.879213,1.488688,
18.966000f,4.757814,10.878969,1.487872,4.757140,10.879089,1.488272,4.758509,10.878845,1.487460,
19.000000f,4.759841,10.878608,1.486670,4.759158,10.878729,1.487075,4.760504,10.878489,1.486277,
19.033001f,4.761832,10.878256,1.485489,4.761181,10.878371,1.485875,4.762483,10.878140,1.485103,
19.066000f,4.763785,10.877908,1.484330,4.763147,10.878021,1.484709,4.764443,10.877790,1.483940,
19.100000f,4.765702,10.877567,1.483193,4.765057,10.877682,1.483576,4.766328,10.877456,1.482822,
19.132999f,4.767581,10.877233,1.482079,4.766967,10.877341,1.482443,4.768194,10.877124,1.481715,
19.166000f,4.769419,10.876905,1.480988,4.768819,10.877012,1.481344,4.770037,10.876796,1.480622,
19.200001f,4.771216,10.876585,1.479922,4.770612,10.876693,1.480280,4.771803,10.876481,1.479574,
19.233000f,4.772973,10.876273,1.478880,4.772400,10.876375,1.479220,4.773546,10.876171,1.478541,
19.266001f,4.774687,10.875968,1.477864,4.774128,10.876067,1.478195,4.775262,10.875866,1.477522,
19.299999f,4.776357,10.875671,1.476873,4.775796,10.875771,1.477205,4.776900,10.875575,1.476550,
19.333000f,4.777982,10.875381,1.475909,4.777453,10.875476,1.476222,4.778511,10.875287,1.475595,
19.365999f,4.779562,10.875101,1.474972,4.779048,10.875193,1.475276,4.780091,10.875007,1.474658,
19.400000f,4.781095,10.874829,1.474062,4.780582,10.874921,1.474367,4.781593,10.874741,1.473767,
19.433001f,4.782580,10.874564,1.473181,4.782098,10.874650,1.473467,4.783062,10.874478,1.472895,
19.466000f,4.784017,10.874309,1.472329,4.783551,10.874392,1.472605,4.784497,10.874224,1.472044,
19.500000f,4.785404,10.874063,1.471506,4.784941,10.874145,1.471781,4.785853,10.873982,1.471240,
19.533001f,4.786740,10.873824,1.470714,4.786307,10.873901,1.470970,4.787172,10.873747,1.470457,
19.566000f,4.788024,10.873596,1.469952,4.787609,10.873671,1.470198,4.788452,10.873520,1.469698,
19.600000f,4.789256,10.873376,1.469221,4.788846,10.873448,1.469464,4.789654,10.873305,1.468985,
19.632999f,4.790434,10.873167,1.468522,4.790055,10.873235,1.468748,4.790814,10.873099,1.468297,
19.666000f,4.791557,10.872968,1.467856,4.791196,10.873032,1.468070,4.791930,10.872902,1.467635,
19.700001f,4.792624,10.872778,1.467223,4.792271,10.872841,1.467432,4.792967,10.872717,1.467020,
19.733000f,4.793635,10.872598,1.466624,4.793312,10.872655,1.466816,4.793959,10.872540,1.466431,
19.766001f,4.794588,10.872429,1.466059,4.794283,10.872483,1.466239,4.794901,10.872373,1.465872,
19.799999f,4.795482,10.872269,1.465528,4.795188,10.872321,1.465703,4.795767,10.872218,1.465359,
19.833000f,4.796316,10.872122,1.465034,4.796051,10.872169,1.465191,4.796581,10.872075,1.464876,
19.865999f,4.797089,10.871984,1.464575,4.796844,10.872027,1.464720,4.797341,10.871939,1.464426,
19.900000f,4.797800,10.871858,1.464153,4.797568,10.871899,1.464290,4.798024,10.871818,1.464020,
19.933001f,4.798448,10.871741,1.463769,4.798244,10.871778,1.463889,4.798651,10.871705,1.463648,
19.966000f,4.799032,10.871638,1.463422,4.798850,10.871671,1.463530,4.799220,10.871605,1.463311,
20.000000f,4.799551,10.871545,1.463114,4.799386,10.871574,1.463212,4.799712,10.871516,1.463019,
20.033001f,4.800005,10.871465,1.462845,4.799866,10.871490,1.462927,4.800144,10.871440,1.462763,
20.066000f,4.800391,10.871396,1.462616,4.800275,10.871417,1.462685,4.800511,10.871375,1.462545,
20.100000f,4.800710,10.871340,1.462427,4.800613,10.871357,1.462484,4.800803,10.871323,1.462371,
20.132999f,4.800960,10.871295,1.462279,4.800889,10.871307,1.462321,4.801030,10.871283,1.462237,
20.166000f,4.801139,10.871264,1.462173,4.801091,10.871272,1.462201,4.801188,10.871255,1.462144,
20.200001f,4.801247,10.871243,1.462108,4.801222,10.871248,1.462123,4.801271,10.871240,1.462094,
20.233000f,4.801283,10.871238,1.462087,4.801277,10.871239,1.462090,4.801290,10.871237,1.462083,
20.266001f,4.801283,10.871238,1.462087,4.801283,10.871238,1.462087,4.801283,10.871238,1.462087,
21.966000f,4.801283,10.871238,1.462087,4.801283,10.871238,1.462087,4.801283,10.871238,1.462087,
21.986000f,4.409287,10.929930,1.283393,4.409287,10.929930,1.283393,4.409287,10.929930,1.283393,
24.933001f,4.409287,10.929930,1.283393,4.409287,10.929930,1.283393,4.409287,10.929930,1.283393,
24.953001f,3.953463,9.901419,1.461713,3.953463,9.901419,1.461713,3.953463,9.901419,1.461713,
30.999001f,3.953463,9.901419,1.461713,3.953463,9.901419,1.461713,3.953463,9.901419,1.461713,
31.000000f,3.951589,9.920396,1.478534,3.951589,9.920396,1.478534,3.951589,9.920396,1.478534,
37.566002f,3.951589,9.920396,1.478534,3.951589,9.920396,1.478534,3.951589,9.920396,1.478534,
37.586002f,3.750409,10.243854,1.213336,3.750409,10.243854,1.213336,3.750409,10.243854,1.213336,
43.015999f,3.750409,10.243854,1.213336,3.750409,10.243854,1.213336,3.750409,10.243854,1.213336,
43.035999f,5.983381,12.634513,1.368180,5.983381,12.634513,1.368180,5.983381,12.634513,1.368180,
43.166000f,5.983381,12.634513,1.368180,5.983381,12.634513,1.368180,5.983381,12.634513,1.368180,
43.200001f,5.983381,12.634513,1.368180,5.983418,12.634511,1.368185,5.983344,12.634515,1.368175,
43.233002f,5.983158,12.634523,1.368148,5.983304,12.634517,1.368169,5.983012,12.634530,1.368128,
43.265999f,5.982496,12.634554,1.368055,5.982785,12.634541,1.368096,5.982199,12.634567,1.368014,
43.299999f,5.981408,12.634603,1.367905,5.981849,12.634583,1.367965,5.980980,12.634622,1.367846,
43.333000f,5.979902,12.634667,1.367699,5.980466,12.634644,1.367776,5.979338,12.634691,1.367623,
43.366001f,5.977990,12.634746,1.367443,5.978686,12.634718,1.367535,5.977273,12.634774,1.367347,
43.400002f,5.975684,12.634837,1.367138,5.976533,12.634805,1.367249,5.974860,12.634869,1.367030,
43.432999f,5.972994,12.634938,1.366789,5.973943,12.634904,1.366911,5.972044,12.634973,1.366666,
43.466000f,5.969930,12.635047,1.366398,5.971001,12.635010,1.366533,5.968827,12.635085,1.366258,
43.500000f,5.966505,12.635162,1.365968,5.967730,12.635122,1.366120,5.965317,12.635201,1.365821,
43.533001f,5.962728,12.635282,1.365504,5.964030,12.635242,1.365663,5.961425,12.635322,1.365346,
43.566002f,5.958610,12.635403,1.365008,5.960023,12.635363,1.365177,5.957154,12.635444,1.364835,
43.599998f,5.954163,12.635525,1.364484,5.955729,12.635484,1.364667,5.952643,12.635565,1.364307,
43.632999f,5.949397,12.635643,1.363935,5.951020,12.635605,1.364120,5.947773,12.635681,1.363750,
43.666000f,5.944324,12.635757,1.363364,5.946046,12.635720,1.363555,5.942548,12.635796,1.363166,
43.700001f,5.938954,12.635866,1.362774,5.940828,12.635831,1.362977,5.937135,12.635900,1.362577,
43.733002f,5.933297,12.635968,1.362169,5.935209,12.635937,1.362371,5.931386,12.636000,1.361967,
43.765999f,5.927366,12.636060,1.361552,5.929367,12.636031,1.361757,5.925304,12.636088,1.361341,
43.799999f,5.921170,12.636139,1.360926,5.923319,12.636114,1.361140,5.919084,12.636163,1.360718,
43.833000f,5.914721,12.636204,1.360294,5.916889,12.636185,1.360503,5.912553,12.636223,1.360086,
43.866001f,5.908030,12.636252,1.359661,5.910276,12.636239,1.359870,5.905715,12.636266,1.359446,
43.900002f,5.901106,12.636284,1.359029,5.903498,12.636276,1.359243,5.898786,12.636291,1.358821,
43.932999f,5.893963,12.636295,1.358401,5.896354,12.636295,1.358607,5.891571,12.636295,1.358195,
43.966000f,5.886610,12.636284,1.357780,5.889069,12.636292,1.357983,5.884076,12.636276,1.357571,
44.000000f,5.879057,12.636249,1.357171,5.881657,12.636265,1.357375,5.876534,12.636232,1.356972,
44.033001f,5.871317,12.636188,1.356575,5.873901,12.636212,1.356769,5.868734,12.636163,1.356382,
44.066002f,5.863400,12.636098,1.355997,5.866040,12.636132,1.356185,5.860681,12.636063,1.355804,
44.099998f,5.855317,12.635980,1.355440,5.858091,12.636025,1.355625,5.852623,12.635936,1.355260,
44.132999f,5.847078,12.635830,1.354907,5.849821,12.635885,1.355078,5.844336,12.635775,1.354735,
44.166000f,5.838695,12.635644,1.354401,5.841483,12.635711,1.354563,5.835822,12.635575,1.354234,
44.200001f,5.830178,12.635424,1.353926,5.833095,12.635506,1.354081,5.827348,12.635345,1.353774,
44.233002f,5.821539,12.635164,1.353484,5.824409,12.635257,1.353624,5.818671,12.635072,1.353345,
44.265999f,5.812788,12.634864,1.353080,5.815692,12.634970,1.353207,5.809796,12.634755,1.352949,
44.299999f,5.803936,12.634523,1.352716,5.806961,12.634646,1.352832,5.801001,12.634403,1.352603,
44.333000f,5.794995,12.634138,1.352395,5.797958,12.634273,1.352493,5.792031,12.634004,1.352297,
44.366001f,5.785974,12.633707,1.352122,5.788962,12.633858,1.352204,5.782896,12.633553,1.352038,
44.400002f,5.776885,12.633227,1.351899,5.779984,12.633399,1.351966,5.773877,12.633061,1.351834,
44.432999f,5.767739,12.632699,1.351729,5.770765,12.632882,1.351776,5.764714,12.632516,1.351683,
44.466000f,5.758547,12.632116,1.351616,5.761586,12.632318,1.351644,5.755415,12.631909,1.351588,
44.500000f,5.749319,12.631482,1.351563,5.752460,12.631708,1.351570,5.746270,12.631263,1.351556,
44.533001f,5.740066,12.630790,1.351574,5.743121,12.631027,1.351559,5.737010,12.630552,1.351588,
44.566002f,5.730800,12.630040,1.351651,5.733858,12.630298,1.351614,5.727650,12.629775,1.351689,
44.599998f,5.721530,12.629230,1.351797,5.724680,12.629517,1.351735,5.718473,12.628953,1.351858,
44.632999f,5.712270,12.628358,1.352018,5.715322,12.628656,1.351932,5.709217,12.628059,1.352103,
44.666000f,5.703028,12.627423,1.352314,5.706072,12.627743,1.352203,5.699891,12.627094,1.352428,
44.700001f,5.693816,12.626421,1.352690,5.696941,12.626773,1.352548,5.690783,12.626079,1.352828,
44.733002f,5.684644,12.625350,1.353149,5.687662,12.625714,1.352983,5.681627,12.624986,1.353315,
44.765999f,5.675525,12.624211,1.353694,5.678524,12.624599,1.353500,5.672435,12.623812,1.353895,
44.799999f,5.666467,12.622998,1.354329,5.669534,12.623423,1.354097,5.663491,12.622586,1.354554,
44.833000f,5.657484,12.621713,1.355057,5.660434,12.622149,1.354801,5.654533,12.621276,1.355313,
44.866001f,5.648584,12.620350,1.355880,5.651505,12.620812,1.355592,5.645575,12.619873,1.356177,
44.900002f,5.639780,12.618910,1.356803,5.642755,12.619413,1.356472,5.636893,12.618422,1.357125,
44.932999f,5.631082,12.617389,1.357829,5.634016,12.617925,1.357456,5.628148,12.616853,1.358202,
44.966000f,5.621994,12.615662,1.359062,5.625132,12.616283,1.358606,5.618762,12.615021,1.359531,
45.000000f,5.612065,12.613621,1.360588,5.615571,12.614364,1.360023,5.608662,12.612900,1.361137,
45.033001f,5.601371,12.611291,1.362386,5.605013,12.612103,1.361752,5.597729,12.610478,1.363020,
45.066002f,5.589991,12.608697,1.364433,5.593846,12.609592,1.363720,5.586019,12.607775,1.365167,
45.099998f,5.578001,12.605866,1.366706,5.582167,12.606865,1.365899,5.573956,12.604897,1.367489,
45.132999f,5.565478,12.602820,1.369182,5.569685,12.603857,1.368335,5.561271,12.601784,1.370029,
45.166000f,5.552500,12.599586,1.371838,5.556845,12.600679,1.370936,5.548023,12.598458,1.372769,
45.200001f,5.539144,12.596189,1.374653,5.543735,12.597367,1.373673,5.534687,12.595045,1.375605,
45.233002f,5.525487,12.592653,1.377603,5.530031,12.593839,1.376611,5.520945,12.591468,1.378595,
45.265999f,5.511608,12.589005,1.380666,5.516212,12.590222,1.379641,5.506864,12.587749,1.381723,
45.299999f,5.497581,12.585270,1.383819,5.502361,12.586551,1.382735,5.492941,12.584026,1.384870,
45.333000f,5.483486,12.581470,1.387038,5.488136,12.582729,1.385969,5.478837,12.580210,1.388108,
45.366001f,5.469400,12.577634,1.390303,5.474034,12.578901,1.389222,5.464625,12.576327,1.391416,
45.400002f,5.455399,12.573785,1.393589,5.460131,12.575091,1.392472,5.450806,12.572517,1.394674,
45.432999f,5.441561,12.569948,1.396875,5.446087,12.571208,1.395795,5.437034,12.568688,1.397955,
45.466000f,5.427962,12.566150,1.400137,5.432397,12.567392,1.399068,5.423393,12.564869,1.401238,
45.500000f,5.414682,12.562414,1.403353,5.419130,12.563669,1.402272,5.410365,12.561196,1.404403,
45.533001f,5.401795,12.558766,1.406500,5.405970,12.559951,1.405477,5.397621,12.557582,1.407524,
45.566002f,5.389381,12.555233,1.409556,5.393387,12.556376,1.408567,5.385255,12.554055,1.410576,
45.599998f,5.377516,12.551836,1.412498,5.381443,12.552963,1.411521,5.373704,12.550742,1.413446,
45.632999f,5.366278,12.548603,1.415303,5.369871,12.549639,1.414404,5.362686,12.547567,1.416202,
45.666000f,5.355743,12.545560,1.417948,5.359091,12.546529,1.417105,5.352294,12.544561,1.418817,
45.700001f,5.345989,12.542729,1.420411,5.349159,12.543651,1.419609,5.342912,12.541835,1.421191,
45.733002f,5.337093,12.540137,1.422670,5.339875,12.540949,1.421962,5.334312,12.539326,1.423377,
45.765999f,5.329133,12.537811,1.424701,5.331592,12.538531,1.424072,5.326599,12.537069,1.425349,
45.799999f,5.322186,12.535772,1.426481,5.324362,12.536412,1.425922,5.320073,12.535151,1.427024,
45.833000f,5.316328,12.534047,1.427989,5.318068,12.534560,1.427540,5.314587,12.533534,1.428438,
45.866001f,5.311637,12.532663,1.429201,5.312979,12.533060,1.428854,5.310254,12.532254,1.429559,
45.900002f,5.308191,12.531643,1.430095,5.309138,12.531923,1.429849,5.307272,12.531371,1.430333,
45.932999f,5.306067,12.531013,1.430648,5.306537,12.531152,1.430525,5.305597,12.530873,1.430770,
45.966000f,5.305342,12.530797,1.430837,5.305461,12.530832,1.430806,5.305219,12.530760,1.430869,
46.000000f,5.305342,12.530797,1.430837,5.305342,12.530797,1.430837,5.305342,12.530797,1.430837,
46.299000f,5.305342,12.530797,1.430837,5.305342,12.530797,1.430837,5.305342,12.530797,1.430837,
46.299999f,6.036099,10.787568,1.361292,6.036099,10.787568,1.361292,6.036099,10.787568,1.361292,
46.333000f,6.036099,10.787568,1.361292,6.036099,10.787568,1.361292,6.036099,10.787568,1.361292,
56.666000f,6.036099,10.787568,1.361292,6.036099,10.787568,1.361292,6.036099,10.787568,1.361292,
;
;
  