286,
0.000000f,51.774010,51.774010,51.774010,
2.433000f,51.774010,51.774010,51.774010,
7.266000f,51.774010,51.774010,51.774010,
10.949000f,51.774010,51.774010,51.774010,
10.950000f,51.720200,51.720200,51.720200,
14.566000f,51.720200,51.720200,51.720200,
14.566000f,51.774010,51.774010,51.774010,
15.600000f,51.774010,51.774010,51.774010,
15.666000f,51.774010,51.774010,51.774010,
15.733000f,51.774010,51.774010,51.774010,
15.800000f,51.774010,51.774010,51.774010,
15.866000f,51.774010,51.774010,51.774010,
15.933000f,51.774010,51.774010,51.774010,
16.000000f,51.774010,51.774010,51.774010,
16.066000f,51.774010,51.774010,51.774010,
16.132999f,51.774010,51.774010,51.774010,
16.200001f,51.774010,51.774010,51.774010,
16.266001f,51.774010,51.774010,51.774010,
16.333000f,51.774010,51.774010,51.774010,
16.400000f,51.774010,51.774010,51.774010,
16.466000f,51.774010,51.774010,51.774010,
16.533001f,51.774010,51.774010,51.774010,
16.600000f,51.774010,51.774010,51.774010,
16.666000f,51.774010,51.774010,51.774010,
16.733000f,51.774010,51.774010,51.774010,
16.799999f,51.774010,51.774010,51.774010,
16.865999f,51.774010,51.774010,51.774010,
16.933001f,51.774010,51.774010,51.774010,
17.000000f,51.774010,51.774010,51.774010,
17.066000f,51.774010,51.774010,51.774010,
17.132999f,51.774010,51.774010,51.774010,
17.200001f,51.774010,51.774010,51.774010,
17.266001f,51.774010,51.774010,51.774010,
17.333000f,51.774010,51.774010,51.774010,
17.400000f,51.774010,51.774010,51.774010,
17.466000f,51.774010,51.774010,51.774010,
17.533001f,51.774010,51.774010,51.774010,
17.600000f,51.774010,51.774010,51.774010,
17.666000f,51.774010,51.774010,51.774010,
17.733000f,51.774010,51.774010,51.774010,
17.799999f,51.774010,51.774010,51.774010,
17.865999f,51.774010,51.774010,51.774010,
17.933001f,51.774010,51.774010,51.774010,
18.000000f,51.774010,51.774010,51.774010,
18.066000f,51.774010,51.774010,51.774010,
18.132999f,51.774010,51.774010,51.774010,
18.200001f,51.774010,51.774010,51.774010,
18.266001f,51.774010,51.774010,51.774010,
18.333000f,51.774010,51.774010,51.774010,
18.400000f,51.774010,51.774010,51.774010,
18.466000f,51.774010,51.774010,51.774010,
18.533001f,51.774010,51.774010,51.774010,
18.600000f,51.774010,51.774010,51.774010,
18.666000f,51.774010,51.774010,51.774010,
18.733000f,51.774010,51.774010,51.774010,
18.799999f,51.774010,51.774010,51.774010,
18.865999f,51.774010,51.774010,51.774010,
18.933001f,51.774010,51.774010,51.774010,
19.000000f,51.774010,51.774010,51.774010,
19.066000f,51.774010,51.774010,51.774010,
19.132999f,51.774010,51.774010,51.774010,
19.200001f,51.774010,51.774010,51.774010,
19.266001f,51.774010,51.774010,51.774010,
19.333000f,51.774010,51.774010,51.774010,
19.400000f,51.774010,51.774010,51.774010,
19.466000f,51.774010,51.774010,51.774010,
19.533001f,51.774010,51.774010,51.774010,
19.600000f,51.774010,51.774010,51.774010,
19.632999f,51.774010,51.774010,51.774010,
19.632999f,51.774010,51.774010,51.774010,
25.833000f,51.774010,51.774010,51.774010,
25.833000f,51.774010,51.774010,51.774010,
25.865999f,51.774010,51.774010,51.774010,
25.933001f,51.774010,51.774010,51.774010,
26.000000f,51.774010,51.774010,51.774010,
26.066000f,51.774010,51.774010,51.774010,
26.132999f,51.774010,51.774010,51.774010,
26.200001f,51.774010,51.774010,51.774010,
26.266001f,51.774010,51.774010,51.774010,
26.333000f,51.774010,51.774010,51.774010,
26.400000f,51.774010,51.774010,51.774010,
26.466000f,51.774010,51.774010,51.774010,
26.533001f,51.774010,51.774010,51.774010,
26.600000f,51.774010,51.774010,51.774010,
26.666000f,51.774010,51.774010,51.774010,
26.733000f,51.774010,51.774010,51.774010,
26.799999f,51.774010,51.774010,51.774010,
26.865999f,51.774010,51.774010,51.774010,
26.933001f,51.774010,51.774010,51.774010,
27.000000f,51.774010,51.774010,51.774010,
27.066000f,51.774010,51.774010,51.774010,
27.132999f,51.774010,51.774010,51.774010,
27.200001f,51.774010,51.774010,51.774010,
27.266001f,51.774010,51.774010,51.774010,
27.333000f,51.774010,51.774010,51.774010,
27.400000f,51.774010,51.774010,51.774010,
27.466000f,51.774010,51.774010,51.774010,
27.533001f,51.774010,51.774010,51.774010,
27.600000f,51.774010,51.774010,51.774010,
27.666000f,51.774010,51.774010,51.774010,
27.733000f,51.774010,51.774010,51.774010,
27.799999f,51.774010,51.774010,51.774010,
27.865999f,51.774010,51.774010,51.774010,
27.933001f,51.774010,51.774010,51.774010,
28.000000f,51.774010,51.774010,51.774010,
28.066000f,51.774010,51.774010,51.774010,
28.132999f,51.774010,51.774010,51.774010,
28.200001f,51.774010,51.774010,51.774010,
28.266001f,51.774010,51.774010,51.774010,
28.333000f,51.774010,51.774010,51.774010,
28.400000f,51.774010,51.774010,51.774010,
28.466000f,51.774010,51.774010,51.774010,
28.533001f,51.774010,51.774010,51.774010,
28.600000f,51.774010,51.774010,51.774010,
28.666000f,51.774010,51.774010,51.774010,
28.733000f,51.774010,51.774010,51.774010,
28.799999f,51.774010,51.774010,51.774010,
28.865999f,51.774010,51.774010,51.774010,
28.933001f,51.774010,51.774010,51.774010,
29.000000f,51.774010,51.774010,51.774010,
29.066000f,51.774010,51.774010,51.774010,
29.132999f,51.774010,51.774010,51.774010,
29.200001f,51.774010,51.774010,51.774010,
29.266001f,51.774010,51.774010,51.774010,
29.333000f,51.774010,51.774010,51.774010,
29.400000f,51.774010,51.774010,51.774010,
29.466000f,51.774010,51.774010,51.774010,
29.533001f,51.774010,51.774010,51.774010,
29.600000f,51.774010,51.774010,51.774010,
29.666000f,51.774010,51.774010,51.774010,
29.733000f,51.774010,51.774010,51.774010,
29.799999f,51.774010,51.774010,51.774010,
29.865999f,51.774010,51.774010,51.774010,
29.933001f,51.774010,51.774010,51.774010,
30.000000f,51.774010,51.774010,51.774010,
30.066000f,51.774010,51.774010,51.774010,
30.132999f,51.774010,51.774010,51.774010,
30.200001f,51.774010,51.774010,51.774010,
30.266001f,51.774010,51.774010,51.774010,
30.333000f,51.774010,51.774010,51.774010,
30.400000f,51.774010,51.774010,51.774010,
30.466000f,51.774010,51.774010,51.774010,
30.533001f,51.774010,51.774010,51.774010,
30.600000f,51.774010,51.774010,51.774010,
30.666000f,51.774010,51.774010,51.774010,
30.733000f,51.774010,51.774010,51.774010,
30.799999f,51.774010,51.774010,51.774010,
30.865999f,51.774010,51.774010,51.774010,
30.933001f,51.774010,51.774010,51.774010,
31.000000f,51.774010,51.774010,51.774010,
31.066000f,51.774010,51.774010,51.774010,
31.132999f,51.774010,51.774010,51.774010,
31.200001f,51.774010,51.774010,51.774010,
31.266001f,51.774010,51.774010,51.774010,
31.333000f,51.774010,51.774010,51.774010,
31.400000f,51.774010,51.774010,51.774010,
31.466000f,51.774010,51.774010,51.774010,
31.533001f,51.774010,51.774010,51.774010,
31.600000f,51.774010,51.774010,51.774010,
31.666000f,51.774010,51.774010,51.774010,
31.733000f,51.774010,51.774010,51.774010,
31.799999f,51.774010,51.774010,51.774010,
31.865999f,51.774010,51.774010,51.774010,
31.933001f,51.774010,51.774010,51.774010,
32.000000f,51.774010,51.774010,51.774010,
32.066002f,51.774010,51.774010,51.774010,
32.132999f,51.774010,51.774010,51.774010,
32.200001f,51.774010,51.774010,51.774010,
32.265999f,51.774010,51.774010,51.774010,
32.333000f,51.774010,51.774010,51.774010,
32.400002f,51.774010,51.774010,51.774010,
32.466000f,51.774010,51.774010,51.774010,
32.533001f,51.774010,51.774010,51.774010,
32.599998f,51.774010,51.774010,51.774010,
32.666000f,51.774010,51.774010,51.774010,
32.733002f,51.774010,51.774010,51.774010,
32.799999f,51.774010,51.774010,51.774010,
32.866001f,51.774010,51.774010,51.774010,
32.932999f,51.774010,51.774010,51.774010,
33.000000f,51.774010,51.774010,51.774010,
33.066002f,51.774010,51.774010,51.774010,
33.132999f,51.774010,51.774010,51.774010,
33.200001f,51.774010,51.774010,51.774010,
33.265999f,51.774010,51.774010,51.774010,
33.333000f,51.774010,51.774010,51.774010,
33.400002f,51.774010,51.774010,51.774010,
33.466000f,51.774010,51.774010,51.774010,
33.533001f,51.774010,51.774010,51.774010,
33.599998f,51.774010,51.774010,51.774010,
33.666000f,51.774010,51.774010,51.774010,
33.733002f,51.774010,51.774010,51.774010,
33.799999f,51.774010,51.774010,51.774010,
33.866001f,51.774010,51.774010,51.774010,
33.932999f,51.774010,51.774010,51.774010,
34.000000f,51.774010,51.774010,51.774010,
34.066002f,51.774010,51.774010,51.774010,
34.132999f,51.774010,51.774010,51.774010,
34.200001f,51.774010,51.774010,51.774010,
34.265999f,51.774010,51.774010,51.774010,
34.333000f,51.774010,51.774010,51.774010,
34.400002f,51.774010,51.774010,51.774010,
34.466000f,51.774010,51.774010,51.774010,
34.533001f,51.774010,51.774010,51.774010,
34.599998f,51.774010,51.774010,51.774010,
34.666000f,51.774010,51.774010,51.774010,
34.733002f,51.774010,51.774010,51.774010,
34.799999f,51.774010,51.774010,51.774010,
34.866001f,51.774010,51.774010,51.774010,
34.932999f,51.774010,51.774010,51.774010,
35.000000f,51.774010,51.774010,51.774010,
35.066002f,51.774010,51.774010,51.774010,
35.132999f,51.774010,51.774010,51.774010,
35.200001f,51.774010,51.774010,51.774010,
35.265999f,51.774010,51.774010,51.774010,
35.333000f,51.774010,51.774010,51.774010,
35.400002f,51.774010,51.774010,51.774010,
35.466000f,51.774010,51.774010,51.774010,
35.533001f,51.774010,51.774010,51.774010,
35.599998f,51.774010,51.774010,51.774010,
35.666000f,51.774010,51.774010,51.774010,
35.733002f,51.774010,51.774010,51.774010,
35.799999f,51.774010,51.774010,51.774010,
35.866001f,51.774010,51.774010,51.774010,
35.932999f,51.774010,51.774010,51.774010,
36.000000f,51.774010,51.774010,51.774010,
36.066002f,51.774010,51.774010,51.774010,
36.132999f,51.774010,51.774010,51.774010,
36.200001f,51.774010,51.774010,51.774010,
36.265999f,51.774010,51.774010,51.774010,
36.333000f,51.774010,51.774010,51.774010,
36.400002f,51.774010,51.774010,51.774010,
36.466000f,51.774010,51.774010,51.774010,
36.533001f,51.774010,51.774010,51.774010,
36.599998f,51.774010,51.774010,51.774010,
36.666000f,51.774010,51.774010,51.774010,
36.733002f,51.774010,51.774010,51.774010,
36.799999f,51.774010,51.774010,51.774010,
36.866001f,51.774010,51.774010,51.774010,
36.932999f,51.774010,51.774010,51.774010,
37.000000f,51.774010,51.774010,51.774010,
37.066002f,51.774010,51.774010,51.774010,
37.132999f,51.774010,51.774010,51.774010,
37.200001f,51.774010,51.774010,51.774010,
37.265999f,51.774010,51.774010,51.774010,
37.333000f,51.774010,51.774010,51.774010,
37.400002f,51.774010,51.774010,51.774010,
37.466000f,51.774010,51.774010,51.774010,
37.533001f,51.774010,51.774010,51.774010,
37.599998f,51.774010,51.774010,51.774010,
37.666000f,51.774010,51.774010,51.774010,
37.733002f,51.774010,51.774010,51.774010,
37.799999f,51.774010,51.774010,51.774010,
37.866001f,51.774010,51.774010,51.774010,
37.932999f,51.774010,51.774010,51.774010,
38.000000f,51.774010,51.774010,51.774010,
38.066002f,51.774010,51.774010,51.774010,
38.132999f,51.774010,51.774010,51.774010,
38.200001f,51.774010,51.774010,51.774010,
38.265999f,51.774010,51.774010,51.774010,
38.333000f,51.774010,51.774010,51.774010,
38.400002f,51.774010,51.774010,51.774010,
38.466000f,51.774010,51.774010,51.774010,
38.533001f,51.774010,51.774010,51.774010,
38.599998f,51.774010,51.774010,51.774010,
38.666000f,51.774010,51.774010,51.774010,
38.733002f,51.774010,51.774010,51.774010,
38.799999f,51.774010,51.774010,51.774010,
38.866001f,51.774010,51.774010,51.774010,
38.932999f,51.774010,51.774010,51.774010,
39.000000f,51.774010,51.774010,51.774010,
39.066002f,51.774010,51.774010,51.774010,
39.132999f,51.774010,51.774010,51.774010,
39.200001f,51.774010,51.774010,51.774010,
39.233002f,51.774010,51.774010,51.774010,
39.265999f,51.774010,51.774010,51.774010,
39.283001f,51.774010,51.774010,51.774010,
39.283001f,51.774010,51.774010,51.774010,
39.299999f,51.774010,51.774010,51.774010,
44.966000f,51.774010,51.774010,51.774010,
44.966000f,25.581818,25.581818,25.581818,
50.949001f,25.581818,25.581818,25.581818,
50.950001f,51.774010,51.774010,51.774010,
63.015999f,51.774010,51.774010,51.774010,
63.015999f,51.774010,51.774010,51.774010,
64.966003f,51.774010,51.774010,51.774010,
65.833000f,51.774010,51.774010,51.774010,
;
285,
0.000000f,0.000000,0.000000,0.000000,
2.433000f,0.000000,0.000000,0.000000,
7.266000f,0.000000,0.000000,0.000000,
10.949000f,0.000000,0.000000,0.000000,
10.950000f,0.000000,0.000000,0.000000,
14.566000f,0.000000,0.000000,0.000000,
15.600000f,0.000000,0.000000,0.000000,
15.666000f,0.000000,0.000000,0.000000,
15.733000f,0.000000,0.000000,0.000000,
15.800000f,0.000000,0.000000,0.000000,
15.866000f,0.000000,0.000000,0.000000,
15.933000f,0.000000,0.000000,0.000000,
16.000000f,0.000000,0.000000,0.000000,
16.066000f,0.000000,0.000000,0.000000,
16.132999f,0.000000,0.000000,0.000000,
16.200001f,0.000000,0.000000,0.000000,
16.266001f,0.000000,0.000000,0.000000,
16.333000f,0.000000,0.000000,0.000000,
16.400000f,0.000000,0.000000,0.000000,
16.466000f,0.000000,0.000000,0.000000,
16.533001f,0.000000,0.000000,0.000000,
16.600000f,0.000000,0.000000,0.000000,
16.666000f,0.000000,0.000000,0.000000,
16.733000f,0.000000,0.000000,0.000000,
16.799999f,0.000000,0.000000,0.000000,
16.865999f,0.000000,0.000000,0.000000,
16.933001f,0.000000,0.000000,0.000000,
17.000000f,0.000000,0.000000,0.000000,
17.066000f,0.000000,0.000000,0.000000,
17.132999f,0.000000,0.000000,0.000000,
17.200001f,0.000000,0.000000,0.000000,
17.266001f,0.000000,0.000000,0.000000,
17.333000f,0.000000,0.000000,0.000000,
17.400000f,0.000000,0.000000,0.000000,
17.466000f,0.000000,0.000000,0.000000,
17.533001f,0.000000,0.000000,0.000000,
17.600000f,0.000000,0.000000,0.000000,
17.666000f,0.000000,0.000000,0.000000,
17.733000f,0.000000,0.000000,0.000000,
17.799999f,0.000000,0.000000,0.000000,
17.865999f,0.000000,0.000000,0.000000,
17.933001f,0.000000,0.000000,0.000000,
18.000000f,0.000000,0.000000,0.000000,
18.066000f,0.000000,0.000000,0.000000,
18.132999f,0.000000,0.000000,0.000000,
18.200001f,0.000000,0.000000,0.000000,
18.266001f,0.000000,0.000000,0.000000,
18.333000f,0.000000,0.000000,0.000000,
18.400000f,0.000000,0.000000,0.000000,
18.466000f,0.000000,0.000000,0.000000,
18.533001f,0.000000,0.000000,0.000000,
18.600000f,0.000000,0.000000,0.000000,
18.666000f,0.000000,0.000000,0.000000,
18.733000f,0.000000,0.000000,0.000000,
18.799999f,0.000000,0.000000,0.000000,
18.865999f,0.000000,0.000000,0.000000,
18.933001f,0.000000,0.000000,0.000000,
19.000000f,0.000000,0.000000,0.000000,
19.066000f,0.000000,0.000000,0.000000,
19.132999f,0.000000,0.000000,0.000000,
19.200001f,0.000000,0.000000,0.000000,
19.266001f,0.000000,0.000000,0.000000,
19.333000f,0.000000,0.000000,0.000000,
19.400000f,0.000000,0.000000,0.000000,
19.466000f,0.000000,0.000000,0.000000,
19.533001f,0.000000,0.000000,0.000000,
19.600000f,0.000000,0.000000,0.000000,
19.632999f,0.000000,0.000000,0.000000,
19.632999f,0.000000,0.000000,0.000000,
25.833000f,0.000000,0.000000,0.000000,
25.833000f,0.000000,0.000000,0.000000,
25.865999f,0.000000,0.000000,0.000000,
25.933001f,0.000000,0.000000,0.000000,
26.000000f,0.000000,0.000000,0.000000,
26.066000f,0.000000,0.000000,0.000000,
26.132999f,0.000000,0.000000,0.000000,
26.200001f,0.000000,0.000000,0.000000,
26.266001f,0.000000,0.000000,0.000000,
26.333000f,0.000000,0.000000,0.000000,
26.400000f,0.000000,0.000000,0.000000,
26.466000f,0.000000,0.000000,0.000000,
26.533001f,0.000000,0.000000,0.000000,
26.600000f,0.000000,0.000000,0.000000,
26.666000f,0.000000,0.000000,0.000000,
26.733000f,0.000000,0.000000,0.000000,
26.799999f,0.000000,0.000000,0.000000,
26.865999f,0.000000,0.000000,0.000000,
26.933001f,0.000000,0.000000,0.000000,
27.000000f,0.000000,0.000000,0.000000,
27.066000f,0.000000,0.000000,0.000000,
27.132999f,0.000000,0.000000,0.000000,
27.200001f,0.000000,0.000000,0.000000,
27.266001f,0.000000,0.000000,0.000000,
27.333000f,0.000000,0.000000,0.000000,
27.400000f,0.000000,0.000000,0.000000,
27.466000f,0.000000,0.000000,0.000000,
27.533001f,0.000000,0.000000,0.000000,
27.600000f,0.000000,0.000000,0.000000,
27.666000f,0.000000,0.000000,0.000000,
27.733000f,0.000000,0.000000,0.000000,
27.799999f,0.000000,0.000000,0.000000,
27.865999f,0.000000,0.000000,0.000000,
27.933001f,0.000000,0.000000,0.000000,
28.000000f,0.000000,0.000000,0.000000,
28.066000f,0.000000,0.000000,0.000000,
28.132999f,0.000000,0.000000,0.000000,
28.200001f,0.000000,0.000000,0.000000,
28.266001f,0.000000,0.000000,0.000000,
28.333000f,0.000000,0.000000,0.000000,
28.400000f,0.000000,0.000000,0.000000,
28.466000f,0.000000,0.000000,0.000000,
28.533001f,0.000000,0.000000,0.000000,
28.600000f,0.000000,0.000000,0.000000,
28.666000f,0.000000,0.000000,0.000000,
28.733000f,0.000000,0.000000,0.000000,
28.799999f,0.000000,0.000000,0.000000,
28.865999f,0.000000,0.000000,0.000000,
28.933001f,0.000000,0.000000,0.000000,
29.000000f,0.000000,0.000000,0.000000,
29.066000f,0.000000,0.000000,0.000000,
29.132999f,0.000000,0.000000,0.000000,
29.200001f,0.000000,0.000000,0.000000,
29.266001f,0.000000,0.000000,0.000000,
29.333000f,0.000000,0.000000,0.000000,
29.400000f,0.000000,0.000000,0.000000,
29.466000f,0.000000,0.000000,0.000000,
29.533001f,0.000000,0.000000,0.000000,
29.600000f,0.000000,0.000000,0.000000,
29.666000f,0.000000,0.000000,0.000000,
29.733000f,0.000000,0.000000,0.000000,
29.799999f,0.000000,0.000000,0.000000,
29.865999f,0.000000,0.000000,0.000000,
29.933001f,0.000000,0.000000,0.000000,
30.000000f,0.000000,0.000000,0.000000,
30.066000f,0.000000,0.000000,0.000000,
30.132999f,0.000000,0.000000,0.000000,
30.200001f,0.000000,0.000000,0.000000,
30.266001f,0.000000,0.000000,0.000000,
30.333000f,0.000000,0.000000,0.000000,
30.400000f,0.000000,0.000000,0.000000,
30.466000f,0.000000,0.000000,0.000000,
30.533001f,0.000000,0.000000,0.000000,
30.600000f,0.000000,0.000000,0.000000,
30.666000f,0.000000,0.000000,0.000000,
30.733000f,0.000000,0.000000,0.000000,
30.799999f,0.000000,0.000000,0.000000,
30.865999f,0.000000,0.000000,0.000000,
30.933001f,0.000000,0.000000,0.000000,
31.000000f,0.000000,0.000000,0.000000,
31.066000f,0.000000,0.000000,0.000000,
31.132999f,0.000000,0.000000,0.000000,
31.200001f,0.000000,0.000000,0.000000,
31.266001f,0.000000,0.000000,0.000000,
31.333000f,0.000000,0.000000,0.000000,
31.400000f,0.000000,0.000000,0.000000,
31.466000f,0.000000,0.000000,0.000000,
31.533001f,0.000000,0.000000,0.000000,
31.600000f,0.000000,0.000000,0.000000,
31.666000f,0.000000,0.000000,0.000000,
31.733000f,0.000000,0.000000,0.000000,
31.799999f,0.000000,0.000000,0.000000,
31.865999f,0.000000,0.000000,0.000000,
31.933001f,0.000000,0.000000,0.000000,
32.000000f,0.000000,0.000000,0.000000,
32.066002f,0.000000,0.000000,0.000000,
32.132999f,0.000000,0.000000,0.000000,
32.200001f,0.000000,0.000000,0.000000,
32.265999f,0.000000,0.000000,0.000000,
32.333000f,0.000000,0.000000,0.000000,
32.400002f,0.000000,0.000000,0.000000,
32.466000f,0.000000,0.000000,0.000000,
32.533001f,0.000000,0.000000,0.000000,
32.599998f,0.000000,0.000000,0.000000,
32.666000f,0.000000,0.000000,0.000000,
32.733002f,0.000000,0.000000,0.000000,
32.799999f,0.000000,0.000000,0.000000,
32.866001f,0.000000,0.000000,0.000000,
32.932999f,0.000000,0.000000,0.000000,
33.000000f,0.000000,0.000000,0.000000,
33.066002f,0.000000,0.000000,0.000000,
33.132999f,0.000000,0.000000,0.000000,
33.200001f,0.000000,0.000000,0.000000,
33.265999f,0.000000,0.000000,0.000000,
33.333000f,0.000000,0.000000,0.000000,
33.400002f,0.000000,0.000000,0.000000,
33.466000f,0.000000,0.000000,0.000000,
33.533001f,0.000000,0.000000,0.000000,
33.599998f,0.000000,0.000000,0.000000,
33.666000f,0.000000,0.000000,0.000000,
33.733002f,0.000000,0.000000,0.000000,
33.799999f,0.000000,0.000000,0.000000,
33.866001f,0.000000,0.000000,0.000000,
33.932999f,0.000000,0.000000,0.000000,
34.000000f,0.000000,0.000000,0.000000,
34.066002f,0.000000,0.000000,0.000000,
34.132999f,0.000000,0.000000,0.000000,
34.200001f,0.000000,0.000000,0.000000,
34.265999f,0.000000,0.000000,0.000000,
34.333000f,0.000000,0.000000,0.000000,
34.400002f,0.000000,0.000000,0.000000,
34.466000f,0.000000,0.000000,0.000000,
34.533001f,0.000000,0.000000,0.000000,
34.599998f,0.000000,0.000000,0.000000,
34.666000f,0.000000,0.000000,0.000000,
34.733002f,0.000000,0.000000,0.000000,
34.799999f,0.000000,0.000000,0.000000,
34.866001f,0.000000,0.000000,0.000000,
34.932999f,0.000000,0.000000,0.000000,
35.000000f,0.000000,0.000000,0.000000,
35.066002f,0.000000,0.000000,0.000000,
35.132999f,0.000000,0.000000,0.000000,
35.200001f,0.000000,0.000000,0.000000,
35.265999f,0.000000,0.000000,0.000000,
35.333000f,0.000000,0.000000,0.000000,
35.400002f,0.000000,0.000000,0.000000,
35.466000f,0.000000,0.000000,0.000000,
35.533001f,0.000000,0.000000,0.000000,
35.599998f,0.000000,0.000000,0.000000,
35.666000f,0.000000,0.000000,0.000000,
35.733002f,0.000000,0.000000,0.000000,
35.799999f,0.000000,0.000000,0.000000,
35.866001f,0.000000,0.000000,0.000000,
35.932999f,0.000000,0.000000,0.000000,
36.000000f,0.000000,0.000000,0.000000,
36.066002f,0.000000,0.000000,0.000000,
36.132999f,0.000000,0.000000,0.000000,
36.200001f,0.000000,0.000000,0.000000,
36.265999f,0.000000,0.000000,0.000000,
36.333000f,0.000000,0.000000,0.000000,
36.400002f,0.000000,0.000000,0.000000,
36.466000f,0.000000,0.000000,0.000000,
36.533001f,0.000000,0.000000,0.000000,
36.599998f,0.000000,0.000000,0.000000,
36.666000f,0.000000,0.000000,0.000000,
36.733002f,0.000000,0.000000,0.000000,
36.799999f,0.000000,0.000000,0.000000,
36.866001f,0.000000,0.000000,0.000000,
36.932999f,0.000000,0.000000,0.000000,
37.000000f,0.000000,0.000000,0.000000,
37.066002f,0.000000,0.000000,0.000000,
37.132999f,0.000000,0.000000,0.000000,
37.200001f,0.000000,0.000000,0.000000,
37.265999f,0.000000,0.000000,0.000000,
37.333000f,0.000000,0.000000,0.000000,
37.400002f,0.000000,0.000000,0.000000,
37.466000f,0.000000,0.000000,0.000000,
37.533001f,0.000000,0.000000,0.000000,
37.599998f,0.000000,0.000000,0.000000,
37.666000f,0.000000,0.000000,0.000000,
37.733002f,0.000000,0.000000,0.000000,
37.799999f,0.000000,0.000000,0.000000,
37.866001f,0.000000,0.000000,0.000000,
37.932999f,0.000000,0.000000,0.000000,
38.000000f,0.000000,0.000000,0.000000,
38.066002f,0.000000,0.000000,0.000000,
38.132999f,0.000000,0.000000,0.000000,
38.200001f,0.000000,0.000000,0.000000,
38.265999f,0.000000,0.000000,0.000000,
38.333000f,0.000000,0.000000,0.000000,
38.400002f,0.000000,0.000000,0.000000,
38.466000f,0.000000,0.000000,0.000000,
38.533001f,0.000000,0.000000,0.000000,
38.599998f,0.000000,0.000000,0.000000,
38.666000f,0.000000,0.000000,0.000000,
38.733002f,0.000000,0.000000,0.000000,
38.799999f,0.000000,0.000000,0.000000,
38.866001f,0.000000,0.000000,0.000000,
38.932999f,0.000000,0.000000,0.000000,
39.000000f,0.000000,0.000000,0.000000,
39.066002f,0.000000,0.000000,0.000000,
39.132999f,0.000000,0.000000,0.000000,
39.200001f,0.000000,0.000000,0.000000,
39.233002f,0.000000,0.000000,0.000000,
39.265999f,0.000000,0.000000,0.000000,
39.283001f,0.000000,0.000000,0.000000,
39.283001f,0.000000,0.000000,0.000000,
39.299999f,0.000000,0.000000,0.000000,
44.966000f,0.000000,0.000000,0.000000,
44.966000f,0.000000,0.000000,0.000000,
50.949001f,0.000000,0.000000,0.000000,
50.950001f,0.000000,0.000000,0.000000,
63.015999f,0.000000,0.000000,0.000000,
63.015999f,0.000000,0.000000,0.000000,
64.966003f,0.000000,0.000000,0.000000,
65.833000f,0.000000,0.000000,0.000000,
;
285,
0.000000f,9.734291,4.809251,0.954265,9.734291,4.809251,0.954265,9.734291,4.809251,0.954265,
2.433000f,9.645637,5.048732,0.946661,9.702803,4.894310,0.951536,9.532079,5.355482,0.936979,
7.266000f,9.140271,6.413862,0.903663,9.314869,5.942227,0.918527,9.007218,6.773273,0.892335,
10.949000f,8.726928,7.530414,0.868451,8.726928,7.530414,0.868451,8.726928,7.530414,0.868451,
10.950000f,22.069059,6.598576,1.007222,22.069059,6.598576,1.007222,22.069059,6.598576,1.007222,
14.566000f,22.305342,6.956166,1.035767,22.305342,6.956166,1.035767,22.305342,6.956166,1.035767,
14.586000f,21.559378,9.686118,1.417973,21.559378,9.686118,1.417973,21.559378,9.686118,1.417973,
15.600000f,21.559378,9.686118,1.417973,21.559378,9.686118,1.417973,21.559378,9.686118,1.417973,
15.666000f,21.559378,9.686118,1.417973,21.559378,9.686118,1.417973,21.559378,9.686118,1.417973,
15.733000f,21.559378,9.686118,1.417973,21.559378,9.686118,1.417973,21.559378,9.686118,1.417973,
15.800000f,21.559378,9.686118,1.417973,21.559378,9.686118,1.417973,21.559378,9.686118,1.417973,
15.866000f,21.559378,9.686118,1.417973,21.559378,9.686118,1.417973,21.559378,9.686118,1.417973,
15.933000f,21.559378,9.686118,1.417973,21.559378,9.686118,1.417973,21.559378,9.686118,1.417973,
16.000000f,21.559378,9.686118,1.417973,21.559378,9.686118,1.417973,21.559378,9.686118,1.417973,
16.066000f,21.559378,9.686118,1.417973,21.559378,9.686118,1.417973,21.559378,9.686118,1.417973,
16.132999f,21.559378,9.686118,1.417973,21.559378,9.686118,1.417973,21.559378,9.686118,1.417973,
16.200001f,21.559378,9.686118,1.417973,21.559378,9.686118,1.417973,21.559378,9.686118,1.417973,
16.266001f,21.559378,9.686118,1.417973,21.559378,9.686118,1.417973,21.559378,9.686118,1.417973,
16.333000f,21.559378,9.686118,1.417973,21.559378,9.686118,1.417973,21.559378,9.686118,1.417973,
16.400000f,21.559378,9.686118,1.417973,21.559378,9.686118,1.417973,21.559378,9.686118,1.417973,
16.466000f,21.559378,9.686118,1.417973,21.559378,9.686118,1.417973,21.559378,9.686118,1.417973,
16.533001f,21.559378,9.686118,1.417973,21.559378,9.686118,1.417973,21.559378,9.686118,1.417973,
16.600000f,21.559378,9.686118,1.417973,21.559378,9.686118,1.417973,21.559378,9.686118,1.417973,
16.666000f,21.559378,9.686118,1.417973,21.559378,9.686118,1.417973,21.559378,9.686118,1.417973,
16.733000f,21.559378,9.686118,1.417973,21.559378,9.686118,1.417973,21.559378,9.686118,1.417973,
16.799999f,21.559378,9.686118,1.417973,21.559378,9.686118,1.417973,21.559378,9.686118,1.417973,
16.865999f,21.559378,9.686118,1.417973,21.559378,9.686118,1.417973,21.559378,9.686118,1.417973,
16.933001f,21.559378,9.686118,1.417973,21.559378,9.686118,1.417973,21.559378,9.686118,1.417973,
17.000000f,21.559378,9.686118,1.417973,21.559378,9.686118,1.417973,21.559378,9.686118,1.417973,
17.066000f,21.559378,9.686118,1.417973,21.559378,9.686118,1.417973,21.559378,9.686118,1.417973,
17.132999f,21.559378,9.686118,1.417973,21.559378,9.686118,1.417973,21.559378,9.686118,1.417973,
17.200001f,21.559378,9.686118,1.417973,21.559378,9.686118,1.417973,21.559378,9.686118,1.417973,
17.266001f,21.559378,9.686118,1.417973,21.559378,9.686118,1.417973,21.559378,9.686118,1.417973,
17.333000f,21.559378,9.686118,1.417973,21.559378,9.686118,1.417973,21.559378,9.686118,1.417973,
17.400000f,21.559378,9.686118,1.417973,21.559378,9.686118,1.417973,21.559378,9.686118,1.417973,
17.466000f,21.559378,9.686118,1.417973,21.559378,9.686118,1.417973,21.559378,9.686118,1.417973,
17.533001f,21.559378,9.686118,1.417973,21.559378,9.686118,1.417973,21.559378,9.686118,1.417973,
17.600000f,21.559378,9.686118,1.417973,21.559378,9.686118,1.417973,21.559378,9.686118,1.417973,
17.666000f,21.559378,9.686118,1.417973,21.559378,9.686118,1.417973,21.559378,9.686118,1.417973,
17.733000f,21.559378,9.686118,1.417973,21.559378,9.686118,1.417973,21.559378,9.686118,1.417973,
17.799999f,21.559378,9.686118,1.417973,21.559378,9.686118,1.417973,21.559378,9.686118,1.417973,
17.865999f,21.559378,9.686118,1.417973,21.559378,9.686118,1.417973,21.559378,9.686118,1.417973,
17.933001f,21.559378,9.686118,1.417973,21.559378,9.686118,1.417973,21.559378,9.686118,1.417973,
18.000000f,21.559378,9.686118,1.417973,21.559378,9.686118,1.417973,21.559378,9.686118,1.417973,
18.066000f,21.559378,9.686118,1.417973,21.559378,9.686118,1.417973,21.559378,9.686118,1.417973,
18.132999f,21.559378,9.686118,1.417973,21.559378,9.686118,1.417973,21.559378,9.686118,1.417973,
18.200001f,21.559378,9.686118,1.417973,21.559378,9.686118,1.417973,21.559378,9.686118,1.417973,
18.266001f,21.559378,9.686118,1.417973,21.559378,9.686118,1.417973,21.559378,9.686118,1.417973,
18.333000f,21.559378,9.686118,1.417973,21.559378,9.686118,1.417973,21.559378,9.686118,1.417973,
18.400000f,21.559378,9.686118,1.417973,21.559378,9.686118,1.417973,21.559378,9.686118,1.417973,
18.466000f,21.559378,9.686118,1.417973,21.559378,9.686118,1.417973,21.559378,9.686118,1.417973,
18.533001f,21.559378,9.686118,1.417973,21.559378,9.686118,1.417973,21.559378,9.686118,1.417973,
18.600000f,21.559378,9.686118,1.417973,21.559378,9.686118,1.417973,21.559378,9.686118,1.417973,
18.666000f,21.559378,9.686118,1.417973,21.559378,9.686118,1.417973,21.559378,9.686118,1.417973,
18.733000f,21.559378,9.686118,1.417973,21.559378,9.686118,1.417973,21.559378,9.686118,1.417973,
18.799999f,21.559378,9.686118,1.417973,21.559378,9.686118,1.417973,21.559378,9.686118,1.417973,
18.865999f,21.559378,9.686118,1.417973,21.559378,9.686118,1.417973,21.559378,9.686118,1.417973,
18.933001f,21.559378,9.686118,1.417973,21.559378,9.686118,1.417973,21.559378,9.686118,1.417973,
19.000000f,21.559378,9.686118,1.417973,21.559378,9.686118,1.417973,21.559378,9.686118,1.417973,
19.066000f,21.559378,9.686118,1.417973,21.559378,9.686118,1.417973,21.559378,9.686118,1.417973,
19.132999f,21.559378,9.686118,1.417973,21.559378,9.686118,1.417973,21.559378,9.686118,1.417973,
19.200001f,21.559378,9.686118,1.417973,21.559378,9.686118,1.417973,21.559378,9.686118,1.417973,
19.266001f,21.559378,9.686118,1.417973,21.559378,9.686118,1.417973,21.559378,9.686118,1.417973,
19.333000f,21.559378,9.686118,1.417973,21.559378,9.686118,1.417973,21.559378,9.686118,1.417973,
19.400000f,21.559378,9.686118,1.417973,21.559378,9.686118,1.417973,21.559378,9.686118,1.417973,
19.466000f,21.559378,9.686118,1.417973,21.559378,9.686118,1.417973,21.559378,9.686118,1.417973,
19.533001f,21.559378,9.686118,1.417973,21.559378,9.686118,1.417973,21.559378,9.686118,1.417973,
19.600000f,21.559378,9.686118,1.417973,21.559378,9.686118,1.417973,21.559378,9.686118,1.417973,
19.632999f,21.559378,9.686118,1.417973,21.559378,9.686118,1.417973,21.559378,9.686118,1.417973,
19.653000f,19.841871,5.347243,2.222713,19.841871,5.347243,2.222713,19.841871,5.347243,2.222713,
25.833000f,19.841871,5.347243,2.222713,19.841871,5.347243,2.222713,19.841871,5.347243,2.222713,
25.853001f,20.242220,9.205740,1.589120,20.242220,9.205740,1.589120,20.242220,9.205740,1.589120,
25.865999f,20.242220,9.205740,1.589120,20.242220,9.205740,1.589120,20.242220,9.205740,1.589120,
25.933001f,20.242220,9.205740,1.589120,20.242220,9.205740,1.589120,20.242220,9.205740,1.589120,
26.000000f,20.242220,9.205740,1.589120,20.242220,9.205740,1.589120,20.242220,9.205740,1.589120,
26.066000f,20.242220,9.205740,1.589120,20.242220,9.205740,1.589120,20.242220,9.205740,1.589120,
26.132999f,20.242220,9.205740,1.589120,20.242220,9.205740,1.589120,20.242220,9.205740,1.589120,
26.200001f,20.242220,9.205740,1.589120,20.242220,9.205740,1.589120,20.242220,9.205740,1.589120,
26.266001f,20.242220,9.205740,1.589120,20.242220,9.205740,1.589120,20.242220,9.205740,1.589120,
26.333000f,20.242220,9.205740,1.589120,20.242220,9.205740,1.589120,20.242220,9.205740,1.589120,
26.400000f,20.242220,9.205740,1.589120,20.242220,9.205740,1.589120,20.242220,9.205740,1.589120,
26.466000f,20.242220,9.205740,1.589120,20.242220,9.205740,1.589120,20.242220,9.205740,1.589120,
26.533001f,20.242220,9.205740,1.589120,20.242220,9.205740,1.589120,20.242220,9.205740,1.589120,
26.600000f,20.242220,9.205740,1.589120,20.242220,9.205740,1.589120,20.242220,9.205740,1.589120,
26.666000f,20.242220,9.205740,1.589120,20.242220,9.205740,1.589120,20.242220,9.205740,1.589120,
26.733000f,20.242220,9.205740,1.589120,20.242220,9.205740,1.589120,20.242220,9.205740,1.589120,
26.799999f,20.242220,9.205740,1.589120,20.242220,9.205740,1.589120,20.242220,9.205740,1.589120,
26.865999f,20.242220,9.205740,1.589120,20.242220,9.205740,1.589120,20.242220,9.205740,1.589120,
26.933001f,20.242220,9.205740,1.589120,20.242220,9.205740,1.589120,20.242220,9.205740,1.589120,
27.000000f,20.242220,9.205740,1.589120,20.242220,9.205740,1.589120,20.242220,9.205740,1.589120,
27.066000f,20.242220,9.205740,1.589120,20.242220,9.205740,1.589120,20.242220,9.205740,1.589120,
27.132999f,20.242220,9.205740,1.589120,20.242220,9.205740,1.589120,20.242220,9.205740,1.589120,
27.200001f,20.242220,9.205740,1.589120,20.242220,9.205740,1.589120,20.242220,9.205740,1.589120,
27.266001f,20.242220,9.205740,1.589120,20.242220,9.205740,1.589120,20.242220,9.205740,1.589120,
27.333000f,20.242220,9.205740,1.589120,20.242220,9.205740,1.589120,20.242220,9.205740,1.589120,
27.400000f,20.242220,9.205740,1.589120,20.242220,9.205740,1.589120,20.242220,9.205740,1.589120,
27.466000f,20.242220,9.205740,1.589120,20.242220,9.205740,1.589120,20.242220,9.205740,1.589120,
27.533001f,20.242220,9.205740,1.589120,20.242220,9.205740,1.589120,20.242220,9.205740,1.589120,
27.600000f,20.242220,9.205740,1.589120,20.242220,9.205740,1.589120,20.242220,9.205740,1.589120,
27.666000f,20.242220,9.205740,1.589120,20.242220,9.205740,1.589120,20.242220,9.205740,1.589120,
27.733000f,20.242220,9.205740,1.589120,20.242220,9.205740,1.589120,20.242220,9.205740,1.589120,
27.799999f,20.242220,9.205740,1.589120,20.242220,9.205740,1.589120,20.242220,9.205740,1.589120,
27.865999f,20.242220,9.205740,1.589120,20.242220,9.205740,1.589120,20.242220,9.205740,1.589120,
27.933001f,20.242220,9.205740,1.589120,20.242220,9.205740,1.589120,20.242220,9.205740,1.589120,
28.000000f,20.242220,9.205740,1.589120,20.242220,9.205740,1.589120,20.242220,9.205740,1.589120,
28.066000f,20.242220,9.205740,1.589120,20.242220,9.205740,1.589120,20.242220,9.205740,1.589120,
28.132999f,20.242220,9.205740,1.589120,20.242220,9.205740,1.589120,20.242220,9.205740,1.589120,
28.200001f,20.242220,9.205740,1.589120,20.242220,9.205740,1.589120,20.242220,9.205740,1.589120,
28.266001f,20.242220,9.205740,1.589120,20.242220,9.205740,1.589120,20.242220,9.205740,1.589120,
28.333000f,20.242220,9.205740,1.589120,20.242220,9.205740,1.589120,20.242220,9.205740,1.589120,
28.400000f,20.242220,9.205740,1.589120,20.242220,9.205740,1.589120,20.242220,9.205740,1.589120,
28.466000f,20.242220,9.205740,1.589120,20.242220,9.205740,1.589120,20.242220,9.205740,1.589120,
28.533001f,20.242220,9.205740,1.589120,20.242220,9.205740,1.589120,20.242220,9.205740,1.589120,
28.600000f,20.242220,9.205740,1.589120,20.242220,9.205740,1.589120,20.242220,9.205740,1.589120,
28.666000f,20.242220,9.205740,1.589120,20.242220,9.205740,1.589120,20.242220,9.205740,1.589120,
28.733000f,20.242220,9.205740,1.589120,20.242220,9.205740,1.589120,20.242220,9.205740,1.589120,
28.799999f,20.242220,9.205740,1.589120,20.242220,9.205740,1.589120,20.242220,9.205740,1.589120,
28.865999f,20.242220,9.205740,1.589120,20.242220,9.205740,1.589120,20.242220,9.205740,1.589120,
28.933001f,20.242220,9.205740,1.589120,20.242220,9.205740,1.589120,20.242220,9.205740,1.589120,
29.000000f,20.242220,9.205740,1.589120,20.242220,9.205740,1.589120,20.242220,9.205740,1.589120,
29.066000f,20.242220,9.205740,1.589120,20.242220,9.205740,1.589120,20.242220,9.205740,1.589120,
29.132999f,20.242220,9.205740,1.589120,20.242220,9.205740,1.589120,20.242220,9.205740,1.589120,
29.200001f,20.242220,9.205740,1.589120,20.242220,9.205740,1.589120,20.242220,9.205740,1.589120,
29.266001f,20.242220,9.205740,1.589120,20.242220,9.205740,1.589120,20.242220,9.205740,1.589120,
29.333000f,20.242220,9.205740,1.589120,20.242220,9.205740,1.589120,20.242220,9.205740,1.589120,
29.400000f,20.242220,9.205740,1.589120,20.242220,9.205740,1.589120,20.242220,9.205740,1.589120,
29.466000f,20.242220,9.205740,1.589120,20.242220,9.205740,1.589120,20.242220,9.205740,1.589120,
29.533001f,20.242220,9.205740,1.589120,20.242220,9.205740,1.589120,20.242220,9.205740,1.589120,
29.600000f,20.242220,9.205740,1.589120,20.242220,9.205740,1.589120,20.242220,9.205740,1.589120,
29.666000f,20.242220,9.205740,1.589120,20.242220,9.205740,1.589120,20.242220,9.205740,1.589120,
29.733000f,20.242220,9.205740,1.589120,20.242220,9.205740,1.589120,20.242220,9.205740,1.589120,
29.799999f,20.242220,9.205740,1.589120,20.242220,9.205740,1.589120,20.242220,9.205740,1.589120,
29.865999f,20.242220,9.205740,1.589120,20.242220,9.205740,1.589120,20.242220,9.205740,1.589120,
29.933001f,20.242220,9.205740,1.589120,20.242220,9.205740,1.589120,20.242220,9.205740,1.589120,
30.000000f,20.242220,9.205740,1.589120,20.242220,9.205740,1.589120,20.242220,9.205740,1.589120,
30.066000f,20.242220,9.205740,1.589120,20.242220,9.205740,1.589120,20.242220,9.205740,1.589120,
30.132999f,20.242220,9.205740,1.589120,20.242220,9.205740,1.589120,20.242220,9.205740,1.589120,
30.200001f,20.242220,9.205740,1.589120,20.242220,9.205740,1.589120,20.242220,9.205740,1.589120,
30.266001f,20.242220,9.205740,1.589120,20.242220,9.205740,1.589120,20.242220,9.205740,1.589120,
30.333000f,20.242220,9.205740,1.589120,20.242220,9.205740,1.589120,20.242220,9.205740,1.589120,
30.400000f,20.242220,9.205740,1.589120,20.242220,9.205740,1.589120,20.242220,9.205740,1.589120,
30.466000f,20.242220,9.205740,1.589120,20.242220,9.205740,1.589120,20.242220,9.205740,1.589120,
30.533001f,20.242220,9.205740,1.589120,20.242220,9.205740,1.589120,20.242220,9.205740,1.589120,
30.600000f,20.242220,9.205740,1.589120,20.242220,9.205740,1.589120,20.242220,9.205740,1.589120,
30.666000f,20.242220,9.205740,1.589120,20.242220,9.205740,1.589120,20.242220,9.205740,1.589120,
30.733000f,20.242220,9.205740,1.589120,20.242220,9.205740,1.589120,20.242220,9.205740,1.589120,
30.799999f,20.242220,9.205740,1.589120,20.242220,9.205740,1.589120,20.242220,9.205740,1.589120,
30.865999f,20.242220,9.205740,1.589120,20.242220,9.205740,1.589120,20.242220,9.205740,1.589120,
30.933001f,20.242220,9.205740,1.589120,20.242220,9.205740,1.589120,20.242220,9.205740,1.589120,
31.000000f,20.242220,9.205740,1.589120,20.242220,9.205740,1.589120,20.242220,9.205740,1.589120,
31.066000f,20.242220,9.205740,1.589120,20.242220,9.205740,1.589120,20.242220,9.205740,1.589120,
31.132999f,20.242220,9.205740,1.589120,20.242220,9.205740,1.589120,20.242220,9.205740,1.589120,
31.200001f,20.242220,9.205740,1.589120,20.242220,9.205740,1.589120,20.242220,9.205740,1.589120,
31.266001f,20.242220,9.205740,1.589120,20.242220,9.205740,1.589120,20.242220,9.205740,1.589120,
31.333000f,20.242220,9.205740,1.589120,20.242220,9.205740,1.589120,20.242220,9.205740,1.589120,
31.400000f,20.242220,9.205740,1.589120,20.242220,9.205740,1.589120,20.242220,9.205740,1.589120,
31.466000f,20.242220,9.205740,1.589120,20.242220,9.205740,1.589120,20.242220,9.205740,1.589120,
31.533001f,20.242220,9.205740,1.589120,20.242220,9.205740,1.589120,20.242220,9.205740,1.589120,
31.600000f,20.242220,9.205740,1.589120,20.242220,9.205740,1.589120,20.242220,9.205740,1.589120,
31.666000f,20.242220,9.205740,1.589120,20.242220,9.205740,1.589120,20.242220,9.205740,1.589120,
31.733000f,20.242220,9.205740,1.589120,20.242220,9.205740,1.589120,20.242220,9.205740,1.589120,
31.799999f,20.242220,9.205740,1.589120,20.242220,9.205740,1.589120,20.242220,9.205740,1.589120,
31.865999f,20.242220,9.205740,1.589120,20.242220,9.205740,1.589120,20.242220,9.205740,1.589120,
31.933001f,20.242220,9.205740,1.589120,20.242220,9.205740,1.589120,20.242220,9.205740,1.589120,
32.000000f,20.242220,9.205740,1.589120,20.242220,9.205740,1.589120,20.242220,9.205740,1.589120,
32.066002f,20.242220,9.205740,1.589120,20.242220,9.205740,1.589120,20.242220,9.205740,1.589120,
32.132999f,20.242220,9.205740,1.589120,20.242220,9.205740,1.589120,20.242220,9.205740,1.589120,
32.200001f,20.242220,9.205740,1.589120,20.242220,9.205740,1.589120,20.242220,9.205740,1.589120,
32.265999f,20.242220,9.205740,1.589120,20.242220,9.205740,1.589120,20.242220,9.205740,1.589120,
32.333000f,20.242220,9.205740,1.589120,20.242220,9.205740,1.589120,20.242220,9.205740,1.589120,
32.400002f,20.242220,9.205740,1.589120,20.242220,9.205740,1.589120,20.242220,9.205740,1.589120,
32.466000f,20.242220,9.205740,1.589120,20.242220,9.205740,1.589120,20.242220,9.205740,1.589120,
32.533001f,20.242220,9.205740,1.589120,20.242220,9.205740,1.589120,20.242220,9.205740,1.589120,
32.599998f,20.242220,9.205740,1.589120,20.242220,9.205740,1.589120,20.242220,9.205740,1.589120,
32.666000f,20.242220,9.205740,1.589120,20.242220,9.205740,1.589120,20.242220,9.205740,1.589120,
32.733002f,20.242220,9.205740,1.589120,20.242220,9.205740,1.589120,20.242220,9.205740,1.589120,
32.799999f,20.242220,9.205740,1.589120,20.242220,9.205740,1.589120,20.242220,9.205740,1.589120,
32.866001f,20.242220,9.205740,1.589120,20.242220,9.205740,1.589120,20.242220,9.205740,1.589120,
32.932999f,20.242220,9.205740,1.589120,20.242220,9.205740,1.589120,20.242220,9.205740,1.589120,
33.000000f,20.242220,9.205740,1.589120,20.242220,9.205740,1.589120,20.242220,9.205740,1.589120,
33.066002f,20.242220,9.205740,1.589120,20.242220,9.205740,1.589120,20.242220,9.205740,1.589120,
33.132999f,20.242220,9.205740,1.589120,20.242220,9.205740,1.589120,20.242220,9.205740,1.589120,
33.200001f,20.242220,9.205740,1.589120,20.242220,9.205740,1.589120,20.242220,9.205740,1.589120,
33.265999f,20.242220,9.205740,1.589120,20.242220,9.205740,1.589120,20.242220,9.205740,1.589120,
33.333000f,20.242220,9.205740,1.589120,20.242220,9.205740,1.589120,20.242220,9.205740,1.589120,
33.400002f,20.242220,9.205740,1.589120,20.242220,9.205740,1.589120,20.242220,9.205740,1.589120,
33.466000f,20.242220,9.205740,1.589120,20.242220,9.205740,1.589120,20.242220,9.205740,1.589120,
33.533001f,20.242220,9.205740,1.589120,20.242220,9.205740,1.589120,20.242220,9.205740,1.589120,
33.599998f,20.242220,9.205740,1.589120,20.242220,9.205740,1.589120,20.242220,9.205740,1.589120,
33.666000f,20.242220,9.205740,1.589120,20.242220,9.205740,1.589120,20.242220,9.205740,1.589120,
33.733002f,20.242220,9.205740,1.589120,20.242220,9.205740,1.589120,20.242220,9.205740,1.589120,
33.799999f,20.242220,9.205740,1.589120,20.242220,9.205740,1.589120,20.242220,9.205740,1.589120,
33.866001f,20.242220,9.205740,1.589120,20.242220,9.205740,1.589120,20.242220,9.205740,1.589120,
33.932999f,20.242220,9.205740,1.589120,20.242220,9.205740,1.589120,20.242220,9.205740,1.589120,
34.000000f,20.242220,9.205740,1.589120,20.242220,9.205740,1.589120,20.242220,9.205740,1.589120,
34.066002f,20.242220,9.205740,1.589120,20.242220,9.205740,1.589120,20.242220,9.205740,1.589120,
34.132999f,20.242220,9.205740,1.589120,20.242220,9.205740,1.589120,20.242220,9.205740,1.589120,
34.200001f,20.242220,9.205740,1.589120,20.242220,9.205740,1.589120,20.242220,9.205740,1.589120,
34.265999f,20.242220,9.205740,1.589120,20.242220,9.205740,1.589120,20.242220,9.205740,1.589120,
34.333000f,20.242220,9.205740,1.589120,20.242220,9.205740,1.589120,20.242220,9.205740,1.589120,
34.400002f,20.242220,9.205740,1.589120,20.242220,9.205740,1.589120,20.242220,9.205740,1.589120,
34.466000f,20.242220,9.205740,1.589120,20.242220,9.205740,1.589120,20.242220,9.205740,1.589120,
34.533001f,20.242220,9.205740,1.589120,20.242220,9.205740,1.589120,20.242220,9.205740,1.589120,
34.599998f,20.242220,9.205740,1.589120,20.242220,9.205740,1.589120,20.242220,9.205740,1.589120,
34.666000f,20.242220,9.205740,1.589120,20.242220,9.205740,1.589120,20.242220,9.205740,1.589120,
34.733002f,20.242220,9.205740,1.589120,20.242220,9.205740,1.589120,20.242220,9.205740,1.589120,
34.799999f,20.242220,9.205740,1.589120,20.242220,9.205740,1.589120,20.242220,9.205740,1.589120,
34.866001f,20.242220,9.205740,1.589120,20.242220,9.205740,1.589120,20.242220,9.205740,1.589120,
34.932999f,20.242220,9.205740,1.589120,20.242220,9.205740,1.589120,20.242220,9.205740,1.589120,
35.000000f,20.242220,9.205740,1.589120,20.242220,9.205740,1.589120,20.242220,9.205740,1.589120,
35.066002f,20.242220,9.205740,1.589120,20.242220,9.205740,1.589120,20.242220,9.205740,1.589120,
35.132999f,20.242220,9.205740,1.589120,20.242220,9.205740,1.589120,20.242220,9.205740,1.589120,
35.200001f,20.242220,9.205740,1.589120,20.242220,9.205740,1.589120,20.242220,9.205740,1.589120,
35.265999f,20.242220,9.205740,1.589120,20.242220,9.205740,1.589120,20.242220,9.205740,1.589120,
35.333000f,20.242220,9.205740,1.589120,20.242220,9.205740,1.589120,20.242220,9.205740,1.589120,
35.400002f,20.242220,9.205740,1.589120,20.242220,9.205740,1.589120,20.242220,9.205740,1.589120,
35.466000f,20.242220,9.205740,1.589120,20.242220,9.205740,1.589120,20.242220,9.205740,1.589120,
35.533001f,20.242220,9.205740,1.589120,20.242220,9.205740,1.589120,20.242220,9.205740,1.589120,
35.599998f,20.242220,9.205740,1.589120,20.242220,9.205740,1.589120,20.242220,9.205740,1.589120,
35.666000f,20.242220,9.205740,1.589120,20.242220,9.205740,1.589120,20.242220,9.205740,1.589120,
35.733002f,20.242220,9.205740,1.589120,20.242220,9.205740,1.589120,20.242220,9.205740,1.589120,
35.799999f,20.242220,9.205740,1.589120,20.242220,9.205740,1.589120,20.242220,9.205740,1.589120,
35.866001f,20.242220,9.205740,1.589120,20.242220,9.205740,1.589120,20.242220,9.205740,1.589120,
35.932999f,20.242220,9.205740,1.589120,20.242220,9.205740,1.589120,20.242220,9.205740,1.589120,
36.000000f,20.242220,9.205740,1.589120,20.242220,9.205740,1.589120,20.242220,9.205740,1.589120,
36.066002f,20.242220,9.205740,1.589120,20.242220,9.205740,1.589120,20.242220,9.205740,1.589120,
36.132999f,20.242220,9.205740,1.589120,20.242220,9.205740,1.589120,20.242220,9.205740,1.589120,
36.200001f,20.242220,9.205740,1.589120,20.242220,9.205740,1.589120,20.242220,9.205740,1.589120,
36.265999f,20.242220,9.205740,1.589120,20.242220,9.205740,1.589120,20.242220,9.205740,1.589120,
36.333000f,20.242220,9.205740,1.589120,20.242220,9.205740,1.589120,20.242220,9.205740,1.589120,
36.400002f,20.242220,9.205740,1.589120,20.242220,9.205740,1.589120,20.242220,9.205740,1.589120,
36.466000f,20.242220,9.205740,1.589120,20.242220,9.205740,1.589120,20.242220,9.205740,1.589120,
36.533001f,20.242220,9.205740,1.589120,20.242220,9.205740,1.589120,20.242220,9.205740,1.589120,
36.599998f,20.242220,9.205740,1.589120,20.242220,9.205740,1.589120,20.242220,9.205740,1.589120,
36.666000f,20.242220,9.205740,1.589120,20.242220,9.205740,1.589120,20.242220,9.205740,1.589120,
36.733002f,20.242220,9.205740,1.589120,20.242220,9.205740,1.589120,20.242220,9.205740,1.589120,
36.799999f,20.242220,9.205740,1.589120,20.242220,9.205740,1.589120,20.242220,9.205740,1.589120,
36.866001f,20.242220,9.205740,1.589120,20.242220,9.205740,1.589120,20.242220,9.205740,1.589120,
36.932999f,20.242220,9.205740,1.589120,20.242220,9.205740,1.589120,20.242220,9.205740,1.589120,
37.000000f,20.242220,9.205740,1.589120,20.242220,9.205740,1.589120,20.242220,9.205740,1.589120,
37.066002f,20.242220,9.205740,1.589120,20.242220,9.205740,1.589120,20.242220,9.205740,1.589120,
37.132999f,20.242220,9.205740,1.589120,20.242220,9.205740,1.589120,20.242220,9.205740,1.589120,
37.200001f,20.242220,9.205740,1.589120,20.242220,9.205740,1.589120,20.242220,9.205740,1.589120,
37.265999f,20.242220,9.205740,1.589120,20.242220,9.205740,1.589120,20.242220,9.205740,1.589120,
37.333000f,20.242220,9.205740,1.589120,20.242220,9.205740,1.589120,20.242220,9.205740,1.589120,
37.400002f,20.242220,9.205740,1.589120,20.242220,9.205740,1.589120,20.242220,9.205740,1.589120,
37.466000f,20.242220,9.205740,1.589120,20.242220,9.205740,1.589120,20.242220,9.205740,1.589120,
37.533001f,20.242220,9.205740,1.589120,20.242220,9.205740,1.589120,20.242220,9.205740,1.589120,
37.599998f,20.242220,9.205740,1.589120,20.242220,9.205740,1.589120,20.242220,9.205740,1.589120,
37.666000f,20.242220,9.205740,1.589120,20.242220,9.205740,1.589120,20.242220,9.205740,1.589120,
37.733002f,20.242220,9.205740,1.589120,20.242220,9.205740,1.589120,20.242220,9.205740,1.589120,
37.799999f,20.242220,9.205740,1.589120,20.242220,9.205740,1.589120,20.242220,9.205740,1.589120,
37.866001f,20.242220,9.205740,1.589120,20.242220,9.205740,1.589120,20.242220,9.205740,1.589120,
37.932999f,20.242220,9.205740,1.589120,20.242220,9.205740,1.589120,20.242220,9.205740,1.589120,
38.000000f,20.242220,9.205740,1.589120,20.242220,9.205740,1.589120,20.242220,9.205740,1.589120,
38.066002f,20.242220,9.205740,1.589120,20.242220,9.205740,1.589120,20.242220,9.205740,1.589120,
38.132999f,20.242220,9.205740,1.589120,20.242220,9.205740,1.589120,20.242220,9.205740,1.589120,
38.200001f,20.242220,9.205740,1.589120,20.242220,9.205740,1.589120,20.242220,9.205740,1.589120,
38.265999f,20.242220,9.205740,1.589120,20.242220,9.205740,1.589120,20.242220,9.205740,1.589120,
38.333000f,20.242220,9.205740,1.589120,20.242220,9.205740,1.589120,20.242220,9.205740,1.589120,
38.400002f,20.242220,9.205740,1.589120,20.242220,9.205740,1.589120,20.242220,9.205740,1.589120,
38.466000f,20.242220,9.205740,1.589120,20.242220,9.205740,1.589120,20.242220,9.205740,1.589120,
38.533001f,20.242220,9.205740,1.589120,20.242220,9.205740,1.589120,20.242220,9.205740,1.589120,
38.599998f,20.242220,9.205740,1.589120,20.242220,9.205740,1.589120,20.242220,9.205740,1.589120,
38.666000f,20.242220,9.205740,1.589120,20.242220,9.205740,1.589120,20.242220,9.205740,1.589120,
38.733002f,20.242220,9.205740,1.589120,20.242220,9.205740,1.589120,20.242220,9.205740,1.589120,
38.799999f,20.242220,9.205740,1.589120,20.242220,9.205740,1.589120,20.242220,9.205740,1.589120,
38.866001f,20.242220,9.205740,1.589120,20.242220,9.205740,1.589120,20.242220,9.205740,1.589120,
38.932999f,20.242220,9.205740,1.589120,20.242220,9.205740,1.589120,20.242220,9.205740,1.589120,
39.000000f,20.242220,9.205740,1.589120,20.242220,9.205740,1.589120,20.242220,9.205740,1.589120,
39.066002f,20.242220,9.205740,1.589120,20.242220,9.205740,1.589120,20.242220,9.205740,1.589120,
39.132999f,20.242220,9.205740,1.589120,20.242220,9.205740,1.589120,20.242220,9.205740,1.589120,
39.200001f,20.242220,9.205740,1.589120,20.242220,9.205740,1.589120,20.242220,9.205740,1.589120,
39.233002f,20.242220,9.205740,1.589120,20.242220,9.205740,1.589120,20.242220,9.205740,1.589120,
39.265999f,20.242220,9.205740,1.589120,20.242220,9.205740,1.589120,20.242220,9.205740,1.589120,
39.283001f,20.242220,9.205740,1.589120,20.242220,9.205740,1.589120,20.242220,9.205740,1.589120,
39.303001f,22.609194,7.011078,1.017249,22.609194,7.011078,1.017249,22.609194,7.011078,1.017249,
44.966000f,22.609194,7.011078,1.017249,22.609194,7.011078,1.017249,22.609194,7.011078,1.017249,
44.986000f,19.188620,5.223381,1.356573,19.188620,5.223381,1.356573,19.188620,5.223381,1.356573,
50.949001f,19.188620,5.223381,1.356573,19.188620,5.223381,1.356573,19.188620,5.223381,1.356573,
50.950001f,22.609194,7.011078,1.017249,22.609194,7.011078,1.017249,22.609194,7.011078,1.017249,
63.015999f,22.609194,7.011078,1.017249,22.609194,7.011078,1.017249,22.609194,7.011078,1.017249,
63.035999f,15.266050,6.916623,0.533834,15.266050,6.916623,0.533834,15.266050,6.916623,0.533834,
64.966003f,15.266050,6.916623,0.533834,15.266050,6.916623,0.533834,15.266050,6.916623,0.533834,
65.833000f,15.266050,6.916623,0.533834,15.266050,6.916623,0.533834,15.266050,6.916623,0.533834,
;
294,
0.000000f,17.239040,8.066533,1.188916,17.239040,8.066533,1.188916,17.239040,8.066533,1.188916,
2.433000f,17.242628,8.058214,1.188916,17.240316,8.063545,1.188916,17.247221,8.047625,1.188916,
7.266000f,17.263062,8.011187,1.188916,17.256001,8.027444,1.188916,17.268442,7.998797,1.188916,
10.949000f,17.279778,7.972675,1.188916,17.279778,7.972675,1.188916,17.279778,7.972675,1.188916,
10.950000f,20.146502,8.115923,1.420946,20.146502,8.115923,1.420946,20.146502,8.115923,1.420946,
14.566000f,20.184486,8.180634,1.427496,20.184486,8.180634,1.427496,20.184486,8.180634,1.427496,
14.586000f,20.192356,8.320303,1.482821,20.192356,8.320303,1.482821,20.192356,8.320303,1.482821,
15.000000f,20.192356,8.320303,1.482821,20.192356,8.320303,1.482821,20.192356,8.320303,1.482821,
15.066000f,20.192356,8.320303,1.482821,20.192356,8.320303,1.482821,20.192356,8.320303,1.482821,
15.133000f,20.192356,8.320303,1.482821,20.192356,8.320303,1.482821,20.192356,8.320303,1.482821,
15.200000f,20.192356,8.320303,1.482821,20.192356,8.320303,1.482821,20.192356,8.320303,1.482821,
15.266000f,20.192356,8.320303,1.482821,20.192356,8.320303,1.482821,20.192356,8.320303,1.482821,
15.333000f,20.192356,8.320303,1.482821,20.192356,8.320303,1.482821,20.192356,8.320303,1.482821,
15.400000f,20.192356,8.320303,1.482821,20.192356,8.320303,1.482821,20.192356,8.320303,1.482821,
15.466000f,20.192356,8.320303,1.482821,20.192356,8.320303,1.482821,20.192356,8.320303,1.482821,
15.533000f,20.192356,8.320303,1.482821,20.192356,8.320303,1.482821,20.192356,8.320303,1.482821,
15.600000f,20.192356,8.320303,1.482821,20.192356,8.320303,1.482821,20.192356,8.320303,1.482821,
15.666000f,20.192356,8.320303,1.482821,20.192356,8.320303,1.482821,20.192356,8.320303,1.482821,
15.733000f,20.192356,8.320303,1.482821,20.192356,8.320303,1.482821,20.192356,8.320303,1.482821,
15.800000f,20.192356,8.320303,1.482821,20.192356,8.320303,1.482821,20.192356,8.320303,1.482821,
15.866000f,20.192356,8.320303,1.482821,20.192356,8.320303,1.482821,20.192356,8.320303,1.482821,
15.933000f,20.192356,8.320303,1.482821,20.192356,8.320303,1.482821,20.192356,8.320303,1.482821,
16.000000f,20.192356,8.320303,1.482821,20.192356,8.320303,1.482821,20.192356,8.320303,1.482821,
16.066000f,20.192356,8.320303,1.482821,20.192356,8.320303,1.482821,20.192356,8.320303,1.482821,
16.132999f,20.192356,8.320303,1.482821,20.192356,8.320303,1.482821,20.192356,8.320303,1.482821,
16.200001f,20.192356,8.320303,1.482821,20.192356,8.320303,1.482821,20.192356,8.320303,1.482821,
16.266001f,20.192356,8.320303,1.482821,20.192356,8.320303,1.482821,20.192356,8.320303,1.482821,
16.333000f,20.192356,8.320303,1.482821,20.192356,8.320303,1.482821,20.192356,8.320303,1.482821,
16.400000f,20.192356,8.320303,1.482821,20.192356,8.320303,1.482821,20.192356,8.320303,1.482821,
16.466000f,20.192356,8.320303,1.482821,20.192356,8.320303,1.482821,20.192356,8.320303,1.482821,
16.533001f,20.192356,8.320303,1.482821,20.192356,8.320303,1.482821,20.192356,8.320303,1.482821,
16.600000f,20.192356,8.320303,1.482821,20.192356,8.320303,1.482821,20.192356,8.320303,1.482821,
16.666000f,20.192356,8.320303,1.482821,20.192356,8.320303,1.482821,20.192356,8.320303,1.482821,
16.733000f,20.192356,8.320303,1.482821,20.192356,8.320303,1.482821,20.192356,8.320303,1.482821,
16.799999f,20.192356,8.320303,1.482821,20.192356,8.320303,1.482821,20.192356,8.320303,1.482821,
16.865999f,20.192356,8.320303,1.482821,20.192356,8.320303,1.482821,20.192356,8.320303,1.482821,
16.933001f,20.192356,8.320303,1.482821,20.192356,8.320303,1.482821,20.192356,8.320303,1.482821,
17.000000f,20.192356,8.320303,1.482821,20.192356,8.320303,1.482821,20.192356,8.320303,1.482821,
17.066000f,20.192356,8.320303,1.482821,20.192356,8.320303,1.482821,20.192356,8.320303,1.482821,
17.132999f,20.192356,8.320303,1.482821,20.192356,8.320303,1.482821,20.192356,8.320303,1.482821,
17.200001f,20.192356,8.320303,1.482821,20.192356,8.320303,1.482821,20.192356,8.320303,1.482821,
17.266001f,20.192356,8.320303,1.482821,20.192356,8.320303,1.482821,20.192356,8.320303,1.482821,
17.333000f,20.192356,8.320303,1.482821,20.192356,8.320303,1.482821,20.192356,8.320303,1.482821,
17.400000f,20.192356,8.320303,1.482821,20.192356,8.320303,1.482821,20.192356,8.320303,1.482821,
17.466000f,20.192356,8.320303,1.482821,20.192356,8.320303,1.482821,20.192356,8.320303,1.482821,
17.533001f,20.192356,8.320303,1.482821,20.192356,8.320303,1.482821,20.192356,8.320303,1.482821,
17.600000f,20.192356,8.320303,1.482821,20.192356,8.320303,1.482821,20.192356,8.320303,1.482821,
17.666000f,20.192356,8.320303,1.482821,20.192356,8.320303,1.482821,20.192356,8.320303,1.482821,
17.733000f,20.192356,8.320303,1.482821,20.192356,8.320303,1.482821,20.192356,8.320303,1.482821,
17.799999f,20.192356,8.320303,1.482821,20.192356,8.320303,1.482821,20.192356,8.320303,1.482821,
17.865999f,20.192356,8.320303,1.482821,20.192356,8.320303,1.482821,20.192356,8.320303,1.482821,
17.933001f,20.192356,8.320303,1.482821,20.192356,8.320303,1.482821,20.192356,8.320303,1.482821,
18.000000f,20.192356,8.320303,1.482821,20.192356,8.320303,1.482821,20.192356,8.320303,1.482821,
18.066000f,20.192356,8.320303,1.482821,20.192356,8.320303,1.482821,20.192356,8.320303,1.482821,
18.132999f,20.192356,8.320303,1.482821,20.192356,8.320303,1.482821,20.192356,8.320303,1.482821,
18.200001f,20.192356,8.320303,1.482821,20.192356,8.320303,1.482821,20.192356,8.320303,1.482821,
18.266001f,20.192356,8.320303,1.482821,20.192356,8.320303,1.482821,20.192356,8.320303,1.482821,
18.333000f,20.192356,8.320303,1.482821,20.192356,8.320303,1.482821,20.192356,8.320303,1.482821,
18.400000f,20.192356,8.320303,1.482821,20.192356,8.320303,1.482821,20.192356,8.320303,1.482821,
18.466000f,20.192356,8.320303,1.482821,20.192356,8.320303,1.482821,20.192356,8.320303,1.482821,
18.533001f,20.192356,8.320303,1.482821,20.192356,8.320303,1.482821,20.192356,8.320303,1.482821,
18.600000f,20.192356,8.320303,1.482821,20.192356,8.320303,1.482821,20.192356,8.320303,1.482821,
18.666000f,20.192356,8.320303,1.482821,20.192356,8.320303,1.482821,20.192356,8.320303,1.482821,
18.733000f,20.192356,8.320303,1.482821,20.192356,8.320303,1.482821,20.192356,8.320303,1.482821,
18.799999f,20.192356,8.320303,1.482821,20.192356,8.320303,1.482821,20.192356,8.320303,1.482821,
18.865999f,20.192356,8.320303,1.482821,20.192356,8.320303,1.482821,20.192356,8.320303,1.482821,
18.933001f,20.192356,8.320303,1.482821,20.192356,8.320303,1.482821,20.192356,8.320303,1.482821,
19.000000f,20.192356,8.320303,1.482821,20.192356,8.320303,1.482821,20.192356,8.320303,1.482821,
19.066000f,20.192356,8.320303,1.482821,20.192356,8.320303,1.482821,20.192356,8.320303,1.482821,
19.132999f,20.192356,8.320303,1.482821,20.192356,8.320303,1.482821,20.192356,8.320303,1.482821,
19.200001f,20.192356,8.320303,1.482821,20.192356,8.320303,1.482821,20.192356,8.320303,1.482821,
19.266001f,20.192356,8.320303,1.482821,20.192356,8.320303,1.482821,20.192356,8.320303,1.482821,
19.333000f,20.192356,8.320303,1.482821,20.192356,8.320303,1.482821,20.192356,8.320303,1.482821,
19.400000f,20.192356,8.320303,1.482821,20.192356,8.320303,1.482821,20.192356,8.320303,1.482821,
19.466000f,20.192356,8.320303,1.482821,20.192356,8.320303,1.482821,20.192356,8.320303,1.482821,
19.533001f,20.192356,8.320303,1.482821,20.192356,8.320303,1.482821,20.192356,8.320303,1.482821,
19.600000f,20.192356,8.320303,1.482821,20.192356,8.320303,1.482821,20.192356,8.320303,1.482821,
19.632999f,20.192356,8.320303,1.482821,20.192356,8.320303,1.482821,20.192356,8.320303,1.482821,
19.653000f,19.307066,6.639991,1.738867,19.307066,6.639991,1.738867,19.307066,6.639991,1.738867,
25.833000f,19.307066,6.639991,1.738867,19.307066,6.639991,1.738867,19.307066,6.639991,1.738867,
25.853001f,18.967751,5.611770,1.517370,18.967751,5.611770,1.517370,18.967751,5.611770,1.517370,
25.865999f,18.967751,5.611770,1.517370,18.967751,5.611770,1.517370,18.967751,5.611770,1.517370,
25.933001f,18.967751,5.611770,1.517370,18.967751,5.611770,1.517370,18.967751,5.611770,1.517370,
26.000000f,18.967751,5.611770,1.517370,18.967751,5.611770,1.517370,18.967751,5.611770,1.517370,
26.066000f,18.967751,5.611770,1.517370,18.967751,5.611770,1.517370,18.967751,5.611770,1.517370,
26.132999f,18.967751,5.611770,1.517370,18.967751,5.611770,1.517370,18.967751,5.611770,1.517370,
26.200001f,18.967751,5.611770,1.517370,18.967751,5.611770,1.517370,18.967751,5.611770,1.517370,
26.266001f,18.967751,5.611770,1.517370,18.967751,5.611770,1.517370,18.967751,5.611770,1.517370,
26.333000f,18.967751,5.611770,1.517370,18.967751,5.611770,1.517370,18.967751,5.611770,1.517370,
26.400000f,18.967751,5.611770,1.517370,18.967751,5.611770,1.517370,18.967751,5.611770,1.517370,
26.466000f,18.967751,5.611770,1.517370,18.967751,5.611770,1.517370,18.967751,5.611770,1.517370,
26.533001f,18.967751,5.611770,1.517370,18.967751,5.611770,1.517370,18.967751,5.611770,1.517370,
26.600000f,18.967751,5.611770,1.517370,18.967751,5.611770,1.517370,18.967751,5.611770,1.517370,
26.666000f,18.967751,5.611770,1.517370,18.967751,5.611770,1.517370,18.967751,5.611770,1.517370,
26.733000f,18.967751,5.611770,1.517370,18.967751,5.611770,1.517370,18.967751,5.611770,1.517370,
26.799999f,18.967751,5.611770,1.517370,18.967751,5.611770,1.517370,18.967751,5.611770,1.517370,
26.865999f,18.967751,5.611770,1.517370,18.967751,5.611770,1.517370,18.967751,5.611770,1.517370,
26.933001f,18.967751,5.611770,1.517370,18.967751,5.611770,1.517370,18.967751,5.611770,1.517370,
27.000000f,18.967751,5.611770,1.517370,18.967751,5.611770,1.517370,18.967751,5.611770,1.517370,
27.066000f,18.967751,5.611770,1.517370,18.967751,5.611770,1.517370,18.967751,5.611770,1.517370,
27.132999f,18.967751,5.611770,1.517370,18.967751,5.611770,1.517370,18.967751,5.611770,1.517370,
27.200001f,18.967751,5.611770,1.517370,18.967751,5.611770,1.517370,18.967751,5.611770,1.517370,
27.266001f,18.967751,5.611770,1.517370,18.967751,5.611770,1.517370,18.967751,5.611770,1.517370,
27.333000f,18.967751,5.611770,1.517370,18.967751,5.611770,1.517370,18.967751,5.611770,1.517370,
27.400000f,18.967751,5.611770,1.517370,18.967751,5.611770,1.517370,18.967751,5.611770,1.517370,
27.466000f,18.967751,5.611770,1.517370,18.967751,5.611770,1.517370,18.967751,5.611770,1.517370,
27.533001f,18.967751,5.611770,1.517370,18.967751,5.611770,1.517370,18.967751,5.611770,1.517370,
27.600000f,18.967751,5.611770,1.517370,18.967751,5.611770,1.517370,18.967751,5.611770,1.517370,
27.666000f,18.967751,5.611770,1.517370,18.967751,5.611770,1.517370,18.967751,5.611770,1.517370,
27.733000f,18.967751,5.611770,1.517370,18.967751,5.611770,1.517370,18.967751,5.611770,1.517370,
27.799999f,18.967751,5.611770,1.517370,18.967751,5.611770,1.517370,18.967751,5.611770,1.517370,
27.865999f,18.967751,5.611770,1.517370,18.967751,5.611770,1.517370,18.967751,5.611770,1.517370,
27.933001f,18.967751,5.611770,1.517370,18.967751,5.611770,1.517370,18.967751,5.611770,1.517370,
28.000000f,18.967751,5.611770,1.517370,18.967751,5.611770,1.517370,18.967751,5.611770,1.517370,
28.066000f,18.967751,5.611770,1.517370,18.967751,5.611770,1.517370,18.967751,5.611770,1.517370,
28.132999f,18.967751,5.611770,1.517370,18.967751,5.611770,1.517370,18.967751,5.611770,1.517370,
28.200001f,18.967751,5.611770,1.517370,18.967751,5.611770,1.517370,18.967751,5.611770,1.517370,
28.266001f,18.967751,5.611770,1.517370,18.967751,5.611770,1.517370,18.967751,5.611770,1.517370,
28.333000f,18.967751,5.611770,1.517370,18.967751,5.611770,1.517370,18.967751,5.611770,1.517370,
28.400000f,18.967751,5.611770,1.517370,18.967751,5.611770,1.517370,18.967751,5.611770,1.517370,
28.466000f,18.967751,5.611770,1.517370,18.967751,5.611770,1.517370,18.967751,5.611770,1.517370,
28.533001f,18.967751,5.611770,1.517370,18.967751,5.611770,1.517370,18.967751,5.611770,1.517370,
28.600000f,18.967751,5.611770,1.517370,18.967751,5.611770,1.517370,18.967751,5.611770,1.517370,
28.666000f,18.967751,5.611770,1.517370,18.967751,5.611770,1.517370,18.967751,5.611770,1.517370,
28.733000f,18.967751,5.611770,1.517370,18.967751,5.611770,1.517370,18.967751,5.611770,1.517370,
28.799999f,18.967751,5.611770,1.517370,18.967751,5.611770,1.517370,18.967751,5.611770,1.517370,
28.865999f,18.967751,5.611770,1.517370,18.967751,5.611770,1.517370,18.967751,5.611770,1.517370,
28.933001f,18.967751,5.611770,1.517370,18.967751,5.611770,1.517370,18.967751,5.611770,1.517370,
29.000000f,18.967751,5.611770,1.517370,18.967751,5.611770,1.517370,18.967751,5.611770,1.517370,
29.066000f,18.967751,5.611770,1.517370,18.967751,5.611770,1.517370,18.967751,5.611770,1.517370,
29.132999f,18.967751,5.611770,1.517370,18.967751,5.611770,1.517370,18.967751,5.611770,1.517370,
29.200001f,18.967751,5.611770,1.517370,18.967751,5.611770,1.517370,18.967751,5.611770,1.517370,
29.266001f,18.967751,5.611770,1.517370,18.967751,5.611770,1.517370,18.967751,5.611770,1.517370,
29.333000f,18.967751,5.611770,1.517370,18.967751,5.611770,1.517370,18.967751,5.611770,1.517370,
29.400000f,18.967751,5.611770,1.517370,18.967751,5.611770,1.517370,18.967751,5.611770,1.517370,
29.466000f,18.967751,5.611770,1.517370,18.967751,5.611770,1.517370,18.967751,5.611770,1.517370,
29.533001f,18.967751,5.611770,1.517370,18.967751,5.611770,1.517370,18.967751,5.611770,1.517370,
29.600000f,18.967751,5.611770,1.517370,18.967751,5.611770,1.517370,18.967751,5.611770,1.517370,
29.666000f,18.967751,5.611770,1.517370,18.967751,5.611770,1.517370,18.967751,5.611770,1.517370,
29.733000f,18.967751,5.611770,1.517370,18.967751,5.611770,1.517370,18.967751,5.611770,1.517370,
29.799999f,18.967751,5.611770,1.517370,18.967751,5.611770,1.517370,18.967751,5.611770,1.517370,
29.865999f,18.967751,5.611770,1.517370,18.967751,5.611770,1.517370,18.967751,5.611770,1.517370,
29.933001f,18.967751,5.611770,1.517370,18.967751,5.611770,1.517370,18.967751,5.611770,1.517370,
30.000000f,18.967751,5.611770,1.517370,18.967751,5.611770,1.517370,18.967751,5.611770,1.517370,
30.066000f,18.967751,5.611770,1.517370,18.967751,5.611770,1.517370,18.967751,5.611770,1.517370,
30.132999f,18.967751,5.611770,1.517370,18.967751,5.611770,1.517370,18.967751,5.611770,1.517370,
30.200001f,18.967751,5.611770,1.517370,18.967751,5.611770,1.517370,18.967751,5.611770,1.517370,
30.266001f,18.967751,5.611770,1.517370,18.967751,5.611770,1.517370,18.967751,5.611770,1.517370,
30.333000f,18.967751,5.611770,1.517370,18.967751,5.611770,1.517370,18.967751,5.611770,1.517370,
30.400000f,18.967751,5.611770,1.517370,18.967751,5.611770,1.517370,18.967751,5.611770,1.517370,
30.466000f,18.967751,5.611770,1.517370,18.967751,5.611770,1.517370,18.967751,5.611770,1.517370,
30.533001f,18.967751,5.611770,1.517370,18.967751,5.611770,1.517370,18.967751,5.611770,1.517370,
30.600000f,18.967751,5.611770,1.517370,18.967751,5.611770,1.517370,18.967751,5.611770,1.517370,
30.666000f,18.967751,5.611770,1.517370,18.967751,5.611770,1.517370,18.967751,5.611770,1.517370,
30.733000f,18.967751,5.611770,1.517370,18.967751,5.611770,1.517370,18.967751,5.611770,1.517370,
30.799999f,18.967751,5.611770,1.517370,18.967751,5.611770,1.517370,18.967751,5.611770,1.517370,
30.865999f,18.967751,5.611770,1.517370,18.967751,5.611770,1.517370,18.967751,5.611770,1.517370,
30.933001f,18.967751,5.611770,1.517370,18.967751,5.611770,1.517370,18.967751,5.611770,1.517370,
31.000000f,18.967751,5.611770,1.517370,18.967751,5.611770,1.517370,18.967751,5.611770,1.517370,
31.066000f,18.967751,5.611770,1.517370,18.967751,5.611770,1.517370,18.967751,5.611770,1.517370,
31.132999f,18.967751,5.611770,1.517370,18.967751,5.611770,1.517370,18.967751,5.611770,1.517370,
31.200001f,18.967751,5.611770,1.517370,18.967751,5.611770,1.517370,18.967751,5.611770,1.517370,
31.266001f,18.967751,5.611770,1.517370,18.967751,5.611770,1.517370,18.967751,5.611770,1.517370,
31.333000f,18.967751,5.611770,1.517370,18.967751,5.611770,1.517370,18.967751,5.611770,1.517370,
31.400000f,18.967751,5.611770,1.517370,18.967751,5.611770,1.517370,18.967751,5.611770,1.517370,
31.466000f,18.967751,5.611770,1.517370,18.967751,5.611770,1.517370,18.967751,5.611770,1.517370,
31.533001f,18.967751,5.611770,1.517370,18.967751,5.611770,1.517370,18.967751,5.611770,1.517370,
31.600000f,18.967751,5.611770,1.517370,18.967751,5.611770,1.517370,18.967751,5.611770,1.517370,
31.666000f,18.967751,5.611770,1.517370,18.967751,5.611770,1.517370,18.967751,5.611770,1.517370,
31.733000f,18.967751,5.611770,1.517370,18.967751,5.611770,1.517370,18.967751,5.611770,1.517370,
31.799999f,18.967751,5.611770,1.517370,18.967751,5.611770,1.517370,18.967751,5.611770,1.517370,
31.865999f,18.967751,5.611770,1.517370,18.967751,5.611770,1.517370,18.967751,5.611770,1.517370,
31.933001f,18.967751,5.611770,1.517370,18.967751,5.611770,1.517370,18.967751,5.611770,1.517370,
32.000000f,18.967751,5.611770,1.517370,18.967751,5.611770,1.517370,18.967751,5.611770,1.517370,
32.066002f,18.967751,5.611770,1.517370,18.967751,5.611770,1.517370,18.967751,5.611770,1.517370,
32.132999f,18.967751,5.611770,1.517370,18.967751,5.611770,1.517370,18.967751,5.611770,1.517370,
32.200001f,18.967751,5.611770,1.517370,18.967751,5.611770,1.517370,18.967751,5.611770,1.517370,
32.265999f,18.967751,5.611770,1.517370,18.967751,5.611770,1.517370,18.967751,5.611770,1.517370,
32.333000f,18.967751,5.611770,1.517370,18.967751,5.611770,1.517370,18.967751,5.611770,1.517370,
32.400002f,18.967751,5.611770,1.517370,18.967751,5.611770,1.517370,18.967751,5.611770,1.517370,
32.466000f,18.967751,5.611770,1.517370,18.967751,5.611770,1.517370,18.967751,5.611770,1.517370,
32.533001f,18.967751,5.611770,1.517370,18.967751,5.611770,1.517370,18.967751,5.611770,1.517370,
32.599998f,18.967751,5.611770,1.517370,18.967751,5.611770,1.517370,18.967751,5.611770,1.517370,
32.666000f,18.967751,5.611770,1.517370,18.967751,5.611770,1.517370,18.967751,5.611770,1.517370,
32.733002f,18.967751,5.611770,1.517370,18.967751,5.611770,1.517370,18.967751,5.611770,1.517370,
32.799999f,18.967751,5.611770,1.517370,18.967751,5.611770,1.517370,18.967751,5.611770,1.517370,
32.866001f,18.967751,5.611770,1.517370,18.967751,5.611770,1.517370,18.967751,5.611770,1.517370,
32.932999f,18.967751,5.611770,1.517370,18.967751,5.611770,1.517370,18.967751,5.611770,1.517370,
33.000000f,18.967751,5.611770,1.517370,18.967751,5.611770,1.517370,18.967751,5.611770,1.517370,
33.066002f,18.967751,5.611770,1.517370,18.967751,5.611770,1.517370,18.967751,5.611770,1.517370,
33.132999f,18.967751,5.611770,1.517370,18.967751,5.611770,1.517370,18.967751,5.611770,1.517370,
33.200001f,18.967751,5.611770,1.517370,18.967751,5.611770,1.517370,18.967751,5.611770,1.517370,
33.265999f,18.967751,5.611770,1.517370,18.967751,5.611770,1.517370,18.967751,5.611770,1.517370,
33.333000f,18.967751,5.611770,1.517370,18.967751,5.611770,1.517370,18.967751,5.611770,1.517370,
33.400002f,18.967751,5.611770,1.517370,18.967751,5.611770,1.517370,18.967751,5.611770,1.517370,
33.466000f,18.967751,5.611770,1.517370,18.967751,5.611770,1.517370,18.967751,5.611770,1.517370,
33.533001f,18.967751,5.611770,1.517370,18.967751,5.611770,1.517370,18.967751,5.611770,1.517370,
33.599998f,18.967751,5.611770,1.517370,18.967751,5.611770,1.517370,18.967751,5.611770,1.517370,
33.666000f,18.967751,5.611770,1.517370,18.967751,5.611770,1.517370,18.967751,5.611770,1.517370,
33.733002f,18.967751,5.611770,1.517370,18.967751,5.611770,1.517370,18.967751,5.611770,1.517370,
33.799999f,18.967751,5.611770,1.517370,18.967751,5.611770,1.517370,18.967751,5.611770,1.517370,
33.866001f,18.967751,5.611770,1.517370,18.967751,5.611770,1.517370,18.967751,5.611770,1.517370,
33.932999f,18.967751,5.611770,1.517370,18.967751,5.611770,1.517370,18.967751,5.611770,1.517370,
34.000000f,18.967751,5.611770,1.517370,18.967751,5.611770,1.517370,18.967751,5.611770,1.517370,
34.066002f,18.967751,5.611770,1.517370,18.967751,5.611770,1.517370,18.967751,5.611770,1.517370,
34.132999f,18.967751,5.611770,1.517370,18.967751,5.611770,1.517370,18.967751,5.611770,1.517370,
34.200001f,18.967751,5.611770,1.517370,18.967751,5.611770,1.517370,18.967751,5.611770,1.517370,
34.265999f,18.967751,5.611770,1.517370,18.967751,5.611770,1.517370,18.967751,5.611770,1.517370,
34.333000f,18.967751,5.611770,1.517370,18.967751,5.611770,1.517370,18.967751,5.611770,1.517370,
34.400002f,18.967751,5.611770,1.517370,18.967751,5.611770,1.517370,18.967751,5.611770,1.517370,
34.466000f,18.967751,5.611770,1.517370,18.967751,5.611770,1.517370,18.967751,5.611770,1.517370,
34.533001f,18.967751,5.611770,1.517370,18.967751,5.611770,1.517370,18.967751,5.611770,1.517370,
34.599998f,18.967751,5.611770,1.517370,18.967751,5.611770,1.517370,18.967751,5.611770,1.517370,
34.666000f,18.967751,5.611770,1.517370,18.967751,5.611770,1.517370,18.967751,5.611770,1.517370,
34.733002f,18.967751,5.611770,1.517370,18.967751,5.611770,1.517370,18.967751,5.611770,1.517370,
34.799999f,18.967751,5.611770,1.517370,18.967751,5.611770,1.517370,18.967751,5.611770,1.517370,
34.866001f,18.967751,5.611770,1.517370,18.967751,5.611770,1.517370,18.967751,5.611770,1.517370,
34.932999f,18.967751,5.611770,1.517370,18.967751,5.611770,1.517370,18.967751,5.611770,1.517370,
35.000000f,18.967751,5.611770,1.517370,18.967751,5.611770,1.517370,18.967751,5.611770,1.517370,
35.066002f,18.967751,5.611770,1.517370,18.967751,5.611770,1.517370,18.967751,5.611770,1.517370,
35.132999f,18.967751,5.611770,1.517370,18.967751,5.611770,1.517370,18.967751,5.611770,1.517370,
35.200001f,18.967751,5.611770,1.517370,18.967751,5.611770,1.517370,18.967751,5.611770,1.517370,
35.265999f,18.967751,5.611770,1.517370,18.967751,5.611770,1.517370,18.967751,5.611770,1.517370,
35.333000f,18.967751,5.611770,1.517370,18.967751,5.611770,1.517370,18.967751,5.611770,1.517370,
35.400002f,18.967751,5.611770,1.517370,18.967751,5.611770,1.517370,18.967751,5.611770,1.517370,
35.466000f,18.967751,5.611770,1.517370,18.967751,5.611770,1.517370,18.967751,5.611770,1.517370,
35.533001f,18.967751,5.611770,1.517370,18.967751,5.611770,1.517370,18.967751,5.611770,1.517370,
35.599998f,18.967751,5.611770,1.517370,18.967751,5.611770,1.517370,18.967751,5.611770,1.517370,
35.666000f,18.967751,5.611770,1.517370,18.967751,5.611770,1.517370,18.967751,5.611770,1.517370,
35.733002f,18.967751,5.611770,1.517370,18.967751,5.611770,1.517370,18.967751,5.611770,1.517370,
35.799999f,18.967751,5.611770,1.517370,18.967751,5.611770,1.517370,18.967751,5.611770,1.517370,
35.866001f,18.967751,5.611770,1.517370,18.967751,5.611770,1.517370,18.967751,5.611770,1.517370,
35.932999f,18.967751,5.611770,1.517370,18.967751,5.611770,1.517370,18.967751,5.611770,1.517370,
36.000000f,18.967751,5.611770,1.517370,18.967751,5.611770,1.517370,18.967751,5.611770,1.517370,
36.066002f,18.967751,5.611770,1.517370,18.967751,5.611770,1.517370,18.967751,5.611770,1.517370,
36.132999f,18.967751,5.611770,1.517370,18.967751,5.611770,1.517370,18.967751,5.611770,1.517370,
36.200001f,18.967751,5.611770,1.517370,18.967751,5.611770,1.517370,18.967751,5.611770,1.517370,
36.265999f,18.967751,5.611770,1.517370,18.967751,5.611770,1.517370,18.967751,5.611770,1.517370,
36.333000f,18.967751,5.611770,1.517370,18.967751,5.611770,1.517370,18.967751,5.611770,1.517370,
36.400002f,18.967751,5.611770,1.517370,18.967751,5.611770,1.517370,18.967751,5.611770,1.517370,
36.466000f,18.967751,5.611770,1.517370,18.967751,5.611770,1.517370,18.967751,5.611770,1.517370,
36.533001f,18.967751,5.611770,1.517370,18.967751,5.611770,1.517370,18.967751,5.611770,1.517370,
36.599998f,18.967751,5.611770,1.517370,18.967751,5.611770,1.517370,18.967751,5.611770,1.517370,
36.666000f,18.967751,5.611770,1.517370,18.967751,5.611770,1.517370,18.967751,5.611770,1.517370,
36.733002f,18.967751,5.611770,1.517370,18.967751,5.611770,1.517370,18.967751,5.611770,1.517370,
36.799999f,18.967751,5.611770,1.517370,18.967751,5.611770,1.517370,18.967751,5.611770,1.517370,
36.866001f,18.967751,5.611770,1.517370,18.967751,5.611770,1.517370,18.967751,5.611770,1.517370,
36.932999f,18.967751,5.611770,1.517370,18.967751,5.611770,1.517370,18.967751,5.611770,1.517370,
37.000000f,18.967751,5.611770,1.517370,18.967751,5.611770,1.517370,18.967751,5.611770,1.517370,
37.066002f,18.967751,5.611770,1.517370,18.967751,5.611770,1.517370,18.967751,5.611770,1.517370,
37.132999f,18.967751,5.611770,1.517370,18.967751,5.611770,1.517370,18.967751,5.611770,1.517370,
37.200001f,18.967751,5.611770,1.517370,18.967751,5.611770,1.517370,18.967751,5.611770,1.517370,
37.265999f,18.967751,5.611770,1.517370,18.967751,5.611770,1.517370,18.967751,5.611770,1.517370,
37.333000f,18.967751,5.611770,1.517370,18.967751,5.611770,1.517370,18.967751,5.611770,1.517370,
37.400002f,18.967751,5.611770,1.517370,18.967751,5.611770,1.517370,18.967751,5.611770,1.517370,
37.466000f,18.967751,5.611770,1.517370,18.967751,5.611770,1.517370,18.967751,5.611770,1.517370,
37.533001f,18.967751,5.611770,1.517370,18.967751,5.611770,1.517370,18.967751,5.611770,1.517370,
37.599998f,18.967751,5.611770,1.517370,18.967751,5.611770,1.517370,18.967751,5.611770,1.517370,
37.666000f,18.967751,5.611770,1.517370,18.967751,5.611770,1.517370,18.967751,5.611770,1.517370,
37.733002f,18.967751,5.611770,1.517370,18.967751,5.611770,1.517370,18.967751,5.611770,1.517370,
37.799999f,18.967751,5.611770,1.517370,18.967751,5.611770,1.517370,18.967751,5.611770,1.517370,
37.866001f,18.967751,5.611770,1.517370,18.967751,5.611770,1.517370,18.967751,5.611770,1.517370,
37.932999f,18.967751,5.611770,1.517370,18.967751,5.611770,1.517370,18.967751,5.611770,1.517370,
38.000000f,18.967751,5.611770,1.517370,18.967751,5.611770,1.517370,18.967751,5.611770,1.517370,
38.066002f,18.967751,5.611770,1.517370,18.967751,5.611770,1.517370,18.967751,5.611770,1.517370,
38.132999f,18.967751,5.611770,1.517370,18.967751,5.611770,1.517370,18.967751,5.611770,1.517370,
38.200001f,18.967751,5.611770,1.517370,18.967751,5.611770,1.517370,18.967751,5.611770,1.517370,
38.265999f,18.967751,5.611770,1.517370,18.967751,5.611770,1.517370,18.967751,5.611770,1.517370,
38.333000f,18.967751,5.611770,1.517370,18.967751,5.611770,1.517370,18.967751,5.611770,1.517370,
38.400002f,18.967751,5.611770,1.517370,18.967751,5.611770,1.517370,18.967751,5.611770,1.517370,
38.466000f,18.967751,5.611770,1.517370,18.967751,5.611770,1.517370,18.967751,5.611770,1.517370,
38.533001f,18.967751,5.611770,1.517370,18.967751,5.611770,1.517370,18.967751,5.611770,1.517370,
38.599998f,18.967751,5.611770,1.517370,18.967751,5.611770,1.517370,18.967751,5.611770,1.517370,
38.666000f,18.967751,5.611770,1.517370,18.967751,5.611770,1.517370,18.967751,5.611770,1.517370,
38.733002f,18.967751,5.611770,1.517370,18.967751,5.611770,1.517370,18.967751,5.611770,1.517370,
38.799999f,18.967751,5.611770,1.517370,18.967751,5.611770,1.517370,18.967751,5.611770,1.517370,
38.866001f,18.967751,5.611770,1.517370,18.967751,5.611770,1.517370,18.967751,5.611770,1.517370,
38.932999f,18.967751,5.611770,1.517370,18.967751,5.611770,1.517370,18.967751,5.611770,1.517370,
39.000000f,18.967751,5.611770,1.517370,18.967751,5.611770,1.517370,18.967751,5.611770,1.517370,
39.066002f,18.967751,5.611770,1.517370,18.967751,5.611770,1.517370,18.967751,5.611770,1.517370,
39.132999f,18.967751,5.611770,1.517370,18.967751,5.611770,1.517370,18.967751,5.611770,1.517370,
39.200001f,18.967751,5.611770,1.517370,18.967751,5.611770,1.517370,18.967751,5.611770,1.517370,
39.233002f,18.967751,5.611770,1.517370,18.967751,5.611770,1.517370,18.967751,5.611770,1.517370,
39.265999f,18.967751,5.611770,1.517370,18.967751,5.611770,1.517370,18.967751,5.611770,1.517370,
39.283001f,18.967751,5.611770,1.517370,18.967751,5.611770,1.517370,18.967751,5.611770,1.517370,
39.303001f,20.142015,8.034292,1.460476,20.142015,8.034292,1.460476,20.142015,8.034292,1.460476,
44.966000f,20.142015,8.034292,1.460476,20.142015,8.034292,1.460476,20.142015,8.034292,1.460476,
44.986000f,20.125456,8.366597,1.560905,20.125456,8.366597,1.560905,20.125456,8.366597,1.560905,
50.949001f,20.125456,8.366597,1.560905,20.125456,8.366597,1.560905,20.125456,8.366597,1.560905,
50.950001f,20.142015,8.034292,1.460476,20.142015,8.034292,1.460476,20.142015,8.034292,1.460476,
63.015999f,20.142015,8.034292,1.460476,20.142015,8.034292,1.460476,20.142015,8.034292,1.460476,
63.035999f,18.428392,8.852592,1.521951,18.428392,8.852592,1.521951,18.428392,8.852592,1.521951,
64.966003f,18.428392,8.852592,1.521951,18.428392,8.852592,1.521951,18.428392,8.852592,1.521951,
65.833000f,18.428392,8.852592,1.521951,18.428392,8.852592,1.521951,18.428392,8.852592,1.521951,
;
;
                                                                                                                                                                                                                                                                                                                                                                                                                                                                                                                                                                                                                                                                                                                                                                                                                                                                                                                                                                                                                                                                                                                                                                                                                                                                                                                                                                                                                                                                                                                                                                                                                                                                                                                                                                                                                                                                                                                                                                                                                                                                                                                            