3,
0.000000f,51.774010,51.774010,51.774010,
5.433333f,51.774010,51.774010,51.774010,
44.666668f,51.774010,51.774010,51.774010,
;
3,
0.000000f,0.000000,0.000000,0.000000,
5.433333f,0.000000,0.000000,0.000000,
44.666668f,0.000000,0.000000,0.000000,
;
293,
0.000000f,11.661278,-16.574047,0.855099,11.661278,-16.574047,0.855099,11.661278,-16.574047,0.855099,
5.433333f,11.344213,-16.360439,0.547712,11.344213,-16.360439,0.547712,11.344213,-16.360439,0.547712,
5.433333f,4.903627,-2.162118,1.707181,4.903627,-2.162118,1.707181,4.903627,-2.162118,1.707181,
5.533333f,4.911844,-2.165367,1.708952,4.911844,-2.165367,1.708952,4.911844,-2.165367,1.708952,
5.600000f,4.920706,-2.168759,1.710849,4.917420,-2.167622,1.710160,4.923993,-2.169897,1.711537,
5.666667f,4.931566,-2.172192,1.713085,4.927600,-2.171041,1.712281,4.935531,-2.173343,1.713889,
5.733333f,4.944502,-2.175665,1.715675,4.939871,-2.174498,1.714757,4.949132,-2.176831,1.716593,
5.800000f,4.959352,-2.179193,1.718593,4.954111,-2.178005,1.717570,4.964594,-2.180382,1.719615,
5.866667f,4.975955,-2.182796,1.721813,4.970156,-2.181580,1.720693,4.981753,-2.184012,1.722933,
5.933333f,4.994146,-2.186490,1.725311,4.987845,-2.185241,1.724103,5.000447,-2.187739,1.726519,
6.000000f,5.013763,-2.190292,1.729062,5.007014,-2.189004,1.727774,5.020513,-2.191580,1.730350,
6.066667f,5.034646,-2.194220,1.733039,5.027502,-2.192887,1.731680,5.041789,-2.195553,1.734399,
6.133333f,5.056629,-2.198291,1.737219,5.049145,-2.196908,1.735797,5.064112,-2.199675,1.738642,
6.200000f,5.079551,-2.202523,1.741576,5.071782,-2.201082,1.740099,5.087320,-2.203963,1.743054,
6.266667f,5.103250,-2.206932,1.746085,5.095249,-2.205430,1.744561,5.111250,-2.208434,1.747608,
6.333333f,5.127562,-2.211536,1.750720,5.119383,-2.209966,1.749158,5.135740,-2.213106,1.752281,
6.400000f,5.152325,-2.216353,1.755456,5.144023,-2.214709,1.753865,5.160626,-2.217996,1.757047,
6.466667f,5.177377,-2.221399,1.760269,5.169006,-2.219676,1.758656,5.185748,-2.223122,1.761881,
6.533333f,5.202555,-2.226692,1.765132,5.194169,-2.224884,1.763507,5.210940,-2.228501,1.766757,
6.600000f,5.227696,-2.232250,1.770021,5.219350,-2.230351,1.768392,5.236043,-2.234149,1.771651,
6.666667f,5.252639,-2.238089,1.774911,5.244386,-2.236093,1.773286,5.260892,-2.240085,1.776537,
6.733333f,5.277220,-2.244227,1.779776,5.269114,-2.242129,1.778163,5.285325,-2.246326,1.781390,
6.800000f,5.301276,-2.250682,1.784592,5.293373,-2.248475,1.782999,5.309180,-2.252889,1.786184,
6.866667f,5.324646,-2.257470,1.789332,5.316998,-2.255149,1.787769,5.332294,-2.259791,1.790896,
6.933333f,5.347166,-2.264609,1.793973,5.339829,-2.262168,1.792447,5.354503,-2.267050,1.795498,
7.000000f,5.368674,-2.272116,1.798488,5.361701,-2.269550,1.797008,5.375647,-2.274683,1.799968,
7.066667f,5.389008,-2.280009,1.802852,5.382453,-2.277311,1.801427,5.395563,-2.282707,1.804278,
7.133333f,5.408005,-2.288305,1.807041,5.401923,-2.285470,1.805678,5.414086,-2.291140,1.808404,
7.200000f,5.425502,-2.297021,1.811029,5.419947,-2.294043,1.809738,5.431056,-2.299999,1.812321,
7.266667f,5.441337,-2.306174,1.814791,5.436363,-2.303047,1.813579,5.446311,-2.309301,1.816003,
7.333333f,5.455347,-2.315782,1.818302,5.451008,-2.312501,1.817178,5.459685,-2.319063,1.819426,
7.400000f,5.467369,-2.325863,1.821536,5.463720,-2.322421,1.820508,5.471018,-2.329304,1.822563,
7.466667f,5.477242,-2.336432,1.824468,5.474337,-2.332825,1.823545,5.480148,-2.340040,1.825391,
7.533333f,5.484803,-2.347509,1.827074,5.482695,-2.343730,1.826264,5.486910,-2.351288,1.827884,
7.600000f,5.489888,-2.359110,1.829328,5.488633,-2.355153,1.828640,5.491144,-2.363066,1.830016,
7.666667f,5.492336,-2.371252,1.831205,5.491987,-2.367112,1.830646,5.492685,-2.375392,1.831763,
7.733333f,5.491983,-2.383953,1.832679,5.492598,-2.379620,1.832258,5.491368,-2.388286,1.833099,
7.800000f,5.488648,-2.397254,1.833729,5.490338,-2.392634,1.833437,5.486959,-2.401874,1.834021,
7.866667f,5.481845,-2.411677,1.834430,5.484686,-2.406661,1.834247,5.479004,-2.416692,1.834613,
7.933333f,5.471601,-2.427352,1.834827,5.475550,-2.421935,1.834743,5.467652,-2.432770,1.834911,
8.000000f,5.458152,-2.444184,1.834933,5.463129,-2.438398,1.834944,5.453176,-2.449971,1.834921,
8.066667f,5.441737,-2.462075,1.834760,5.447663,-2.455952,1.834862,5.435812,-2.468199,1.834658,
8.133333f,5.422595,-2.480927,1.834322,5.429389,-2.474500,1.834510,5.415800,-2.487355,1.834134,
8.200000f,5.400962,-2.500644,1.833632,5.408547,-2.493945,1.833902,5.393377,-2.507344,1.833362,
8.266666f,5.377079,-2.521129,1.832703,5.385375,-2.514190,1.833050,5.368783,-2.528068,1.832355,
8.333333f,5.351181,-2.542283,1.831547,5.360108,-2.535137,1.831968,5.342254,-2.549429,1.831126,
8.400000f,5.323509,-2.564011,1.830178,5.332988,-2.556690,1.830668,5.314029,-2.571332,1.829688,
8.466666f,5.294299,-2.586214,1.828609,5.304251,-2.578750,1.829163,5.284347,-2.593677,1.828054,
8.533334f,5.263791,-2.608795,1.826851,5.274136,-2.601222,1.827466,5.253445,-2.616369,1.826237,
8.600000f,5.232220,-2.631659,1.824920,5.242879,-2.624007,1.825590,5.221561,-2.639310,1.824249,
8.666667f,5.199828,-2.654706,1.822827,5.210722,-2.647010,1.823549,5.188934,-2.662402,1.822104,
8.733334f,5.166852,-2.677841,1.820585,5.177900,-2.670132,1.821354,5.155803,-2.685550,1.819815,
8.800000f,5.133528,-2.700965,1.818207,5.144652,-2.693276,1.819020,5.122403,-2.708655,1.817394,
8.866667f,5.100096,-2.723983,1.815707,5.111217,-2.716345,1.816558,5.088975,-2.731621,1.814855,
8.933333f,5.066794,-2.746796,1.813096,5.077832,-2.739242,1.813982,5.055756,-2.754349,1.812210,
9.000000f,5.033859,-2.769307,1.810389,5.044735,-2.761870,1.811305,5.022983,-2.776743,1.809473,
9.066667f,5.001531,-2.791420,1.807598,5.012166,-2.784132,1.808540,4.990897,-2.798707,1.806656,
9.133333f,4.970047,-2.813036,1.804736,4.980361,-2.805930,1.805700,4.959733,-2.820142,1.803773,
9.200000f,4.939645,-2.834060,1.801816,4.949558,-2.827168,1.802797,4.929732,-2.840952,1.800836,
9.266666f,4.910564,-2.854393,1.798852,4.919997,-2.847747,1.799845,4.901131,-2.861039,1.797858,
9.333333f,4.883041,-2.873939,1.795854,4.891915,-2.867571,1.796857,4.874167,-2.880306,1.794852,
9.400000f,4.857315,-2.892599,1.792838,4.865550,-2.886543,1.793845,4.849079,-2.898655,1.791832,
9.466666f,4.833623,-2.910279,1.789816,4.841141,-2.904566,1.790822,4.826106,-2.915992,1.788810,
9.533334f,4.812205,-2.926879,1.786800,4.818925,-2.921542,1.787802,4.805484,-2.932216,1.785799,
9.600000f,4.793297,-2.942303,1.783804,4.799180,-2.937358,1.784800,4.787415,-2.947248,1.782809,
9.666667f,4.776907,-2.956554,1.780828,4.782160,-2.951909,1.781829,4.771654,-2.961199,1.779826,
9.733334f,4.761775,-2.970178,1.777796,4.766653,-2.965723,1.778818,4.756896,-2.974634,1.776775,
9.800000f,4.747634,-2.983289,1.774698,4.752189,-2.979002,1.775742,4.743079,-2.987577,1.773654,
9.866667f,4.734440,-2.995905,1.771533,4.738688,-2.991780,1.772599,4.730193,-3.000031,1.770467,
9.933333f,4.722147,-3.008044,1.768303,4.726102,-3.004075,1.769390,4.718193,-3.012013,1.767215,
10.000000f,4.710710,-3.019724,1.765007,4.714387,-3.015904,1.766116,4.707033,-3.023543,1.763897,
10.066667f,4.700083,-3.030962,1.761646,4.703497,-3.027287,1.762777,4.696668,-3.034637,1.760515,
10.133333f,4.690219,-3.041778,1.758221,4.693387,-3.038240,1.759373,4.687052,-3.045315,1.757069,
10.200000f,4.681076,-3.052188,1.754733,4.684011,-3.048783,1.755906,4.678140,-3.055593,1.753559,
10.266666f,4.672605,-3.062212,1.751181,4.675324,-3.058932,1.752375,4.669886,-3.065491,1.749987,
10.333333f,4.664762,-3.071866,1.747567,4.667279,-3.068706,1.748782,4.662245,-3.075025,1.746352,
10.400000f,4.657501,-3.081169,1.743891,4.659832,-3.078124,1.745127,4.655170,-3.084214,1.742656,
10.466666f,4.650777,-3.090139,1.740154,4.652936,-3.087202,1.741410,4.648618,-3.093077,1.738899,
10.533334f,4.644544,-3.098795,1.736356,4.646547,-3.095959,1.737632,4.642541,-3.101630,1.735080,
10.600000f,4.638757,-3.107153,1.732498,4.640619,-3.104414,1.733794,4.636895,-3.109893,1.731202,
10.666667f,4.633370,-3.115233,1.728580,4.635107,-3.112583,1.729896,4.631633,-3.117882,1.727265,
10.733334f,4.628337,-3.123051,1.724603,4.629963,-3.120486,1.725939,4.626711,-3.125617,1.723268,
10.800000f,4.623613,-3.130627,1.720568,4.625144,-3.128140,1.721923,4.622083,-3.133115,1.719213,
10.866667f,4.619153,-3.137978,1.716475,4.620604,-3.135562,1.717849,4.617703,-3.140394,1.715101,
10.933333f,4.614912,-3.145122,1.712324,4.616297,-3.142773,1.713717,4.613526,-3.147472,1.710931,
11.000000f,4.610842,-3.152078,1.708117,4.612177,-3.149788,1.709528,4.609507,-3.154368,1.706705,
11.066667f,4.606899,-3.158862,1.703853,4.608200,-3.156626,1.705283,4.605598,-3.161098,1.702423,
11.133333f,4.603037,-3.165494,1.699534,4.604318,-3.163306,1.700982,4.601756,-3.167682,1.698085,
11.200000f,4.599211,-3.171991,1.695159,4.600488,-3.169845,1.696626,4.597934,-3.174137,1.693692,
11.266666f,4.595376,-3.178372,1.690730,4.596663,-3.176262,1.692216,4.594088,-3.180482,1.689245,
11.333333f,4.591485,-3.184654,1.686247,4.592798,-3.182573,1.687750,4.590171,-3.186734,1.684744,
11.400000f,4.587493,-3.190854,1.681711,4.588848,-3.188798,1.683232,4.586138,-3.192911,1.680190,
11.466666f,4.583354,-3.196993,1.677122,4.584766,-3.194955,1.678660,4.581943,-3.199032,1.675584,
11.533334f,4.579025,-3.203087,1.672480,4.580508,-3.201060,1.674036,4.577542,-3.205113,1.670925,
11.600000f,4.574457,-3.209154,1.667787,4.576027,-3.207133,1.669360,4.572887,-3.211175,1.666215,
11.666667f,4.569606,-3.215213,1.663043,4.571278,-3.213192,1.664633,4.567935,-3.217233,1.661453,
11.733334f,4.564427,-3.221281,1.658248,4.566216,-3.219254,1.659855,4.562639,-3.223308,1.656642,
11.800000f,4.558874,-3.227376,1.653403,4.560795,-3.225337,1.655026,4.556953,-3.229415,1.651780,
11.866667f,4.552902,-3.233517,1.648509,4.554970,-3.231460,1.650149,4.550834,-3.235575,1.646870,
11.933333f,4.546463,-3.239722,1.643566,4.548695,-3.237641,1.645222,4.544232,-3.241804,1.641911,
12.000000f,4.539515,-3.246008,1.638575,4.541923,-3.243896,1.640246,4.537106,-3.248120,1.636903,
12.066667f,4.532010,-3.252394,1.633536,4.534597,-3.250255,1.635233,4.529422,-3.254533,1.631839,
12.133333f,4.523985,-3.258843,1.628390,4.526715,-3.256704,1.630146,4.521256,-3.260982,1.626635,
12.200000f,4.515630,-3.265228,1.623003,4.518465,-3.263111,1.624838,4.512795,-3.267344,1.621169,
12.266666f,4.506976,-3.271543,1.617385,4.509907,-3.269450,1.619293,4.504045,-3.273635,1.615476,
12.333333f,4.498044,-3.277784,1.611550,4.501064,-3.275716,1.613528,4.495025,-3.279852,1.609572,
12.400000f,4.488858,-3.283950,1.605516,4.491959,-3.281908,1.607557,4.485757,-3.285992,1.603474,
12.466666f,4.479438,-3.290039,1.599298,4.482613,-3.288023,1.601398,4.476264,-3.292055,1.597198,
12.533334f,4.469809,-3.296048,1.592914,4.473050,-3.294059,1.595067,4.466568,-3.298038,1.590761,
12.600000f,4.459991,-3.301976,1.586379,4.463291,-3.300014,1.588579,4.456691,-3.303938,1.584178,
12.666667f,4.450006,-3.307820,1.579710,4.453358,-3.305887,1.581952,4.446655,-3.309754,1.577467,
12.733334f,4.439879,-3.313579,1.572922,4.443275,-3.311674,1.575201,4.436483,-3.315483,1.570643,
12.800000f,4.429630,-3.319250,1.566033,4.433063,-3.317375,1.568344,4.426197,-3.321125,1.563723,
12.866667f,4.419281,-3.324831,1.559059,4.422743,-3.322986,1.561395,4.415820,-3.326676,1.556723,
12.933333f,4.408856,-3.330320,1.552015,4.412340,-3.328506,1.554371,4.405372,-3.332134,1.549659,
13.000000f,4.398376,-3.335715,1.544919,4.401875,-3.333933,1.547887,4.394878,-3.337497,1.541950,
13.066667f,4.387864,-3.341014,1.534203,4.391369,-3.339264,1.537780,4.384359,-3.342764,1.530627,
13.133333f,4.377342,-3.346215,1.523458,4.380847,-3.344498,1.527040,4.373837,-3.347931,1.519875,
13.200000f,4.366832,-3.351315,1.512706,4.370329,-3.349632,1.516286,4.363335,-3.352998,1.509125,
13.266666f,4.356356,-3.356313,1.501973,4.359838,-3.354665,1.505543,4.352873,-3.357962,1.498402,
13.333333f,4.345937,-3.361207,1.491282,4.349396,-3.359594,1.494834,4.342477,-3.362820,1.487731,
13.400000f,4.335597,-3.365994,1.480660,4.339026,-3.364417,1.484185,4.332167,-3.367571,1.477134,
13.466666f,4.325357,-3.370672,1.470129,4.328750,-3.369132,1.473619,4.321965,-3.372213,1.466638,
13.533334f,4.315242,-3.375240,1.459714,4.318589,-3.373736,1.463162,4.311894,-3.376744,1.456266,
13.600000f,4.305272,-3.379695,1.449440,4.308567,-3.378229,1.452837,4.301977,-3.381160,1.446044,
13.666667f,4.295470,-3.384035,1.439332,4.298705,-3.382608,1.442669,4.292234,-3.385462,1.435994,
13.733334f,4.285858,-3.388258,1.429413,4.289026,-3.386870,1.432683,4.282690,-3.389646,1.426143,
13.800000f,4.276459,-3.392362,1.419709,4.279552,-3.391014,1.422904,4.273365,-3.393710,1.416514,
13.866667f,4.267294,-3.396345,1.410243,4.270306,-3.395038,1.413354,4.264283,-3.397652,1.407132,
13.933333f,4.258387,-3.400204,1.401041,4.261309,-3.398939,1.404060,4.255464,-3.401470,1.398021,
14.000000f,4.249759,-3.403939,1.392126,4.252584,-3.402715,1.395045,4.246933,-3.405162,1.389207,
14.066667f,4.241432,-3.407545,1.383523,4.244153,-3.406365,1.386334,4.238711,-3.408726,1.380712,
14.133333f,4.233429,-3.411022,1.375257,4.236039,-3.409885,1.377952,4.230819,-3.412159,1.372562,
14.200000f,4.225772,-3.414368,1.367352,4.228263,-3.413275,1.369923,4.223282,-3.415461,1.364782,
14.266666f,4.218484,-3.417580,1.359833,4.220848,-3.416532,1.362271,4.216120,-3.418628,1.357395,
14.333333f,4.211586,-3.420656,1.352724,4.213816,-3.419654,1.355021,4.209355,-3.421658,1.350427,
14.400000f,4.205101,-3.423594,1.346049,4.207190,-3.422638,1.348197,4.203012,-3.424550,1.343900,
14.466666f,4.199050,-3.426393,1.339833,4.200991,-3.425484,1.341824,4.197110,-3.427302,1.337842,
14.533334f,4.193458,-3.429049,1.334100,4.195242,-3.428188,1.335927,4.191674,-3.429910,1.332274,
14.600000f,4.188345,-3.431561,1.328876,4.189963,-3.430754,1.330526,4.186727,-3.432368,1.327225,
14.666667f,4.183751,-3.433892,1.324198,4.185134,-3.433267,1.325613,4.182367,-3.434518,1.322784,
14.733334f,4.180040,-3.435314,1.320387,4.181115,-3.435027,1.321501,4.178966,-3.435601,1.319273,
14.800000f,4.177301,-3.435611,1.317512,4.178065,-3.435682,1.318326,4.176538,-3.435541,1.316698,
14.866667f,4.175458,-3.434889,1.315503,4.175935,-3.435282,1.316040,4.174982,-3.434495,1.314967,
14.933333f,4.174439,-3.433252,1.314292,4.174654,-3.433932,1.314574,4.174225,-3.432571,1.314010,
15.000000f,4.174170,-3.430804,1.313808,4.174147,-3.431737,1.313860,4.174193,-3.429871,1.313757,
15.066667f,4.174576,-3.427652,1.313983,4.174340,-3.428802,1.313827,4.174811,-3.426501,1.314139,
15.133333f,4.175583,-3.423898,1.314745,4.175159,-3.425232,1.314404,4.176007,-3.422565,1.315086,
15.200000f,4.177119,-3.419649,1.316027,4.176532,-3.421131,1.315525,4.177707,-3.418168,1.316529,
15.266666f,4.179110,-3.415009,1.317758,4.178383,-3.416603,1.317118,4.179836,-3.413414,1.318398,
15.333333f,4.181481,-3.410082,1.319868,4.180639,-3.411755,1.319113,4.182323,-3.408410,1.320623,
15.400000f,4.184159,-3.404974,1.322289,4.183228,-3.406689,1.321442,4.185091,-3.403259,1.323136,
15.466666f,4.187070,-3.399789,1.324951,4.186073,-3.401512,1.324035,4.188067,-3.398065,1.325866,
15.533334f,4.190141,-3.394632,1.327783,4.189103,-3.396328,1.326822,4.191179,-3.392935,1.328744,
15.600000f,4.193298,-3.389607,1.330717,4.192244,-3.391242,1.329734,4.194352,-3.387972,1.331700,
15.666667f,4.196466,-3.384820,1.333683,4.195421,-3.386358,1.332700,4.197512,-3.383281,1.334665,
15.733334f,4.199574,-3.380374,1.336611,4.198561,-3.381782,1.335653,4.200586,-3.378967,1.337569,
15.800000f,4.202545,-3.376376,1.339432,4.201590,-3.377617,1.338521,4.203501,-3.375135,1.340343,
15.866667f,4.205307,-3.372929,1.342077,4.204434,-3.373969,1.341236,4.206181,-3.371890,1.342917,
15.933333f,4.207787,-3.370138,1.344475,4.207020,-3.370942,1.343728,4.208553,-3.369335,1.345222,
16.000000f,4.209910,-3.368109,1.346557,4.209274,-3.368641,1.345927,4.210546,-3.367577,1.347187,
16.066668f,4.211602,-3.366946,1.348254,4.211122,-3.367172,1.347764,4.212082,-3.366719,1.348744,
16.133333f,4.212790,-3.366752,1.349496,4.212491,-3.366637,1.349170,4.213090,-3.366867,1.349823,
16.200001f,4.213401,-3.367635,1.350214,4.213306,-3.367144,1.350074,4.213496,-3.368125,1.350354,
16.266666f,4.213359,-3.369697,1.350337,4.213494,-3.368795,1.350407,4.213225,-3.370598,1.350268,
16.333334f,4.212593,-3.373044,1.349797,4.212982,-3.371697,1.350099,4.212204,-3.374391,1.349495,
16.400000f,4.211028,-3.377780,1.348523,4.211695,-3.376143,1.349082,4.210361,-3.379416,1.347965,
16.466667f,4.208589,-3.382864,1.346447,4.209559,-3.380952,1.347285,4.207619,-3.384776,1.345610,
16.533333f,4.205204,-3.389253,1.343499,4.206502,-3.386892,1.344639,4.203906,-3.391615,1.342359,
16.600000f,4.200799,-3.397033,1.339608,4.202450,-3.394194,1.341074,4.199149,-3.399871,1.338143,
16.666666f,4.195300,-3.406288,1.334707,4.197327,-3.402943,1.336521,4.193272,-3.409633,1.332893,
16.733334f,4.188632,-3.417104,1.328724,4.191087,-3.413183,1.330930,4.186178,-3.421024,1.326518,
16.799999f,4.180571,-3.429812,1.321471,4.183637,-3.425027,1.324215,4.177505,-3.434597,1.318727,
16.866667f,4.170238,-3.445816,1.312259,4.174050,-3.439943,1.315645,4.166425,-3.451688,1.308872,
16.933332f,4.157695,-3.465052,1.301149,4.162205,-3.458156,1.305136,4.153184,-3.471948,1.297162,
17.000000f,4.143173,-3.487196,1.288334,4.148305,-3.479385,1.292858,4.138041,-3.495007,1.283811,
17.066668f,4.126899,-3.511924,1.274008,4.132576,-3.503306,1.279003,4.121221,-3.520542,1.269013,
17.133333f,4.109102,-3.538910,1.258361,4.115249,-3.529593,1.263764,4.102955,-3.548227,1.252959,
17.200001f,4.090013,-3.567831,1.241589,4.096553,-3.558985,1.247335,4.083473,-3.576676,1.235843,
17.266666f,4.069858,-3.591990,1.223882,4.076715,-3.584177,1.229907,4.063001,-3.599803,1.217857,
17.333334f,4.048868,-3.616149,1.205434,4.055965,-3.609369,1.211674,4.041770,-3.622930,1.199194,
17.400000f,4.027270,-3.640308,1.186437,4.034532,-3.634561,1.192828,4.020009,-3.646056,1.180046,
17.466667f,4.005294,-3.650639,1.167084,4.012644,-3.647179,1.173561,3.997945,-3.654098,1.160606,
17.533333f,3.983169,-3.661065,1.147567,3.990530,-3.657591,1.154067,3.975808,-3.664539,1.141067,
17.600000f,3.961123,-3.671487,1.128080,3.968420,-3.668031,1.134538,3.953827,-3.674943,1.121622,
17.666666f,3.939385,-3.681804,1.108815,3.946541,-3.678399,1.115167,3.932229,-3.685208,1.102463,
17.733334f,3.918185,-3.691916,1.089964,3.925123,-3.688596,1.096146,3.911246,-3.695235,1.083783,
17.799999f,3.897750,-3.701722,1.071721,3.904395,-3.698521,1.077668,3.891104,-3.704922,1.065774,
17.866667f,3.878309,-3.711122,1.054278,3.884585,-3.708073,1.059926,3.872034,-3.714170,1.048629,
17.933332f,3.860093,-3.720016,1.037827,3.865922,-3.717153,1.043112,3.854263,-3.722879,1.032542,
18.000000f,3.843328,-3.728302,1.022562,3.848636,-3.725658,1.027420,3.838021,-3.730946,1.017703,
18.066668f,3.828245,-3.735881,1.008674,3.832954,-3.733490,1.013041,3.823536,-3.738273,1.004307,
18.133333f,3.815072,-3.742653,0.996358,3.819106,-3.740548,1.000169,3.811038,-3.744759,0.992546,
18.200001f,3.804037,-3.748517,0.985804,3.807321,-3.746731,0.988996,3.800754,-3.750303,0.982612,
18.266666f,3.795371,-3.753372,0.977206,3.797827,-3.751939,0.979714,3.792915,-3.754806,0.974699,
18.333334f,3.789300,-3.757118,0.970757,3.790853,-3.756071,0.972517,3.787748,-3.758166,0.968998,
18.400000f,3.786055,-3.759655,0.966650,3.786626,-3.759028,0.967596,3.785484,-3.760283,0.965704,
18.466667f,3.785873,-3.760882,0.965080,3.785374,-3.760702,0.965152,3.786372,-3.761062,0.965007,
18.533333f,3.789048,-3.760735,0.966214,3.787455,-3.760999,0.965410,3.790642,-3.760470,0.967019,
18.600000f,3.795433,-3.759295,0.969907,3.792816,-3.759972,0.968286,3.798050,-3.758618,0.971528,
18.666666f,3.804750,-3.756673,0.975941,3.801202,-3.757726,0.973576,3.808298,-3.755619,0.978307,
18.733334f,3.816723,-3.752975,0.984100,3.812336,-3.754368,0.981063,3.821110,-3.751581,0.987138,
18.799999f,3.831075,-3.748311,0.994167,3.825941,-3.750008,0.990530,3.836210,-3.746613,0.997804,
18.866667f,3.847531,-3.742789,1.005923,3.841742,-3.744754,1.001759,3.853320,-3.740824,1.010087,
18.933332f,3.865812,-3.736518,1.019154,3.859461,-3.738715,1.014535,3.872164,-3.734321,1.023773,
19.000000f,3.885644,-3.729606,1.033640,3.878822,-3.731998,1.028638,3.892466,-3.727214,1.038641,
19.066668f,3.906749,-3.722162,1.049166,3.899548,-3.724714,1.043854,3.913949,-3.719611,1.054477,
19.133333f,3.928850,-3.714295,1.065513,3.921364,-3.716969,1.059964,3.936337,-3.711620,1.071063,
19.200001f,3.951672,-3.706113,1.082466,3.943992,-3.708874,1.076751,3.959353,-3.703351,1.088181,
19.266666f,3.974938,-3.697724,1.099807,3.967156,-3.700536,1.093999,3.982720,-3.694911,1.105616,
19.333334f,3.998371,-3.689237,1.117319,3.990579,-3.692064,1.111490,4.006163,-3.686411,1.123148,
19.400000f,4.021694,-3.680762,1.134785,4.013985,-3.683567,1.129008,4.029404,-3.677956,1.140563,
19.466667f,4.044632,-3.672405,1.151988,4.037097,-3.675152,1.146334,4.052166,-3.669658,1.157642,
19.533333f,4.066907,-3.664276,1.168711,4.059639,-3.666929,1.163254,4.074175,-3.661623,1.174169,
19.600000f,4.088243,-3.656484,1.184737,4.081335,-3.659007,1.179548,4.095152,-3.653961,1.189925,
19.666666f,4.108364,-3.649137,1.199848,4.101906,-3.651493,1.195000,4.114821,-3.646780,1.204696,
19.733334f,4.126993,-3.642343,1.213828,4.121078,-3.644497,1.209393,4.132907,-3.640189,1.218263,
19.799999f,4.143853,-3.636211,1.226460,4.138575,-3.638126,1.222511,4.149132,-3.634296,1.230409,
19.866667f,4.158668,-3.630850,1.237526,4.154117,-3.633908,1.234135,4.163219,-3.627792,1.240918,
19.933332f,4.171162,-3.617863,1.246810,4.167430,-3.621911,1.244049,4.174893,-3.613816,1.249571,
20.000000f,4.181057,-3.606563,1.254095,4.177999,-3.610035,1.251851,4.184115,-3.603091,1.256338,
20.066668f,4.189515,-3.597029,1.260273,4.186711,-3.600189,1.258225,4.192319,-3.593868,1.262322,
20.133333f,4.197882,-3.587597,1.266385,4.195109,-3.590724,1.264359,4.200655,-3.584471,1.268411,
20.200001f,4.206157,-3.578269,1.272431,4.203414,-3.581361,1.270427,4.208900,-3.575177,1.274434,
20.266666f,4.214342,-3.569043,1.278410,4.211629,-3.572101,1.276428,4.217055,-3.565985,1.280391,
20.333334f,4.222436,-3.559919,1.284322,4.219754,-3.562943,1.282363,4.225119,-3.556895,1.286282,
20.400000f,4.230441,-3.550897,1.290169,4.227788,-3.553887,1.288231,4.233093,-3.547906,1.292107,
20.466667f,4.238355,-3.541975,1.295951,4.235732,-3.544932,1.294035,4.240978,-3.539018,1.297867,
20.533333f,4.246181,-3.533154,1.301667,4.243587,-3.536077,1.299773,4.248774,-3.530231,1.303562,
20.600000f,4.253917,-3.524434,1.307319,4.251353,-3.527324,1.305446,4.256480,-3.521544,1.309191,
20.666666f,4.261564,-3.515813,1.312905,4.259030,-3.518670,1.311054,4.264099,-3.512956,1.314757,
20.733334f,4.269124,-3.507292,1.318428,4.266619,-3.510115,1.316598,4.271628,-3.504468,1.320257,
20.799999f,4.276595,-3.498870,1.323885,4.274119,-3.501661,1.322077,4.279071,-3.496079,1.325694,
20.866667f,4.283979,-3.490546,1.329279,4.281532,-3.493304,1.327492,4.286426,-3.487788,1.331067,
20.933332f,4.291276,-3.482321,1.334610,4.288858,-3.485046,1.332844,4.293694,-3.479595,1.336376,
21.000000f,4.298487,-3.474193,1.339877,4.296098,-3.476886,1.338132,4.300876,-3.471500,1.341622,
21.066668f,4.305610,-3.466163,1.345081,4.303250,-3.468823,1.343357,4.307970,-3.463502,1.346805,
21.133333f,4.312648,-3.458229,1.350222,4.310317,-3.460857,1.348519,4.314980,-3.455601,1.351926,
21.200001f,4.319601,-3.450392,1.355301,4.317297,-3.452988,1.353619,4.321904,-3.447797,1.356983,
21.266666f,4.326468,-3.442652,1.360318,4.324193,-3.443066,1.358656,4.328743,-3.442238,1.361979,
21.333334f,4.333250,-3.447911,1.365272,4.331004,-3.448576,1.363631,4.335496,-3.447245,1.366913,
21.400000f,4.339948,-3.438658,1.370165,4.337729,-3.441723,1.368544,4.342166,-3.435594,1.371785,
21.466667f,4.346561,-3.429522,1.374996,4.344371,-3.432548,1.373396,4.348752,-3.426497,1.376596,
21.533333f,4.353092,-3.420501,1.379766,4.350929,-3.423489,1.378187,4.355254,-3.417514,1.381346,
21.600000f,4.359538,-3.411596,1.384475,4.357403,-3.414545,1.382916,4.361673,-3.408647,1.386035,
21.666666f,4.365901,-3.402805,1.389124,4.363794,-3.405716,1.387585,4.368009,-3.399894,1.390664,
21.733334f,4.372182,-3.394129,1.393712,4.370102,-3.397002,1.392193,4.374262,-3.391256,1.395232,
21.799999f,4.378382,-3.385566,1.398241,4.376329,-3.388401,1.396741,4.380434,-3.382730,1.399740,
21.866667f,4.384498,-3.377116,1.402709,4.382473,-3.379913,1.401230,4.386523,-3.374318,1.404189,
21.933332f,4.390533,-3.368778,1.407118,4.388535,-3.371538,1.405658,4.392531,-3.366018,1.408577,
22.000000f,4.396488,-3.360553,1.411467,4.394516,-3.363276,1.410028,4.398459,-3.357830,1.412907,
22.066668f,4.402361,-3.352439,1.415758,4.400417,-3.355125,1.414338,4.404305,-3.349753,1.417178,
22.133333f,4.408154,-3.344437,1.419990,4.406237,-3.347086,1.418589,4.410072,-3.341788,1.421391,
22.200001f,4.413867,-3.336545,1.424163,4.411977,-3.339157,1.422782,4.415758,-3.333933,1.425545,
22.266666f,4.419501,-3.328763,1.428279,4.417636,-3.331338,1.426917,4.421365,-3.326187,1.429641,
22.333334f,4.425055,-3.321090,1.432336,4.423217,-3.323629,1.430993,4.426893,-3.318551,1.433679,
22.400000f,4.430530,-3.313526,1.436336,4.428718,-3.316029,1.435012,4.432342,-3.311023,1.437659,
22.466667f,4.435927,-3.306071,1.440278,4.434141,-3.308538,1.438974,4.437713,-3.303604,1.441583,
22.533333f,4.441246,-3.298724,1.444163,4.439487,-3.301155,1.442878,4.443006,-3.296293,1.445449,
22.600000f,4.446486,-3.291484,1.447992,4.444753,-3.293879,1.446725,4.448220,-3.289088,1.449258,
22.666666f,4.451650,-3.284351,1.451764,4.449942,-3.286711,1.450516,4.453358,-3.281991,1.453012,
22.733334f,4.456737,-3.277324,1.455479,4.455054,-3.279649,1.454250,4.458419,-3.275000,1.456708,
22.799999f,4.461746,-3.270404,1.459139,4.460089,-3.272693,1.457928,4.463403,-3.268115,1.460349,
22.866667f,4.466680,-3.263589,1.462743,4.465048,-3.265843,1.461551,4.468311,-3.261335,1.463935,
22.933332f,4.471537,-3.256879,1.466291,4.469931,-3.259098,1.465118,4.473144,-3.254659,1.467465,
23.000000f,4.476319,-3.250273,1.469784,4.474738,-3.252457,1.468629,4.477901,-3.248088,1.470940,
23.066668f,4.481026,-3.243770,1.473223,4.479470,-3.245920,1.472086,4.482583,-3.241621,1.474360,
23.133333f,4.485658,-3.237372,1.476607,4.484127,-3.239487,1.475488,4.487190,-3.235256,1.477726,
23.200001f,4.490216,-3.231075,1.479936,4.488709,-3.233157,1.478836,4.491723,-3.228994,1.481037,
23.266666f,4.494699,-3.224882,1.483211,4.493217,-3.226929,1.482129,4.496181,-3.222835,1.484294,
23.333334f,4.499109,-3.218790,1.486433,4.497652,-3.220803,1.485368,4.500567,-3.216776,1.487498,
23.400000f,4.503446,-3.212799,1.489601,4.502013,-3.214779,1.488554,4.504879,-3.210819,1.490648,
23.466667f,4.507710,-3.206909,1.492715,4.506300,-3.208856,1.491686,4.509119,-3.204963,1.493744,
23.533333f,4.511901,-3.201119,1.495777,4.510516,-3.203032,1.494765,4.513286,-3.199206,1.496789,
23.600000f,4.516020,-3.195429,1.498786,4.514659,-3.197309,1.497792,4.517381,-3.193549,1.499780,
23.666666f,4.520067,-3.189838,1.501742,4.518730,-3.191685,1.500766,4.521404,-3.187991,1.502719,
23.733334f,4.524043,-3.184346,1.504647,4.522729,-3.186161,1.503687,4.525356,-3.182532,1.505606,
23.799999f,4.527947,-3.178952,1.507499,4.526658,-3.180734,1.506557,4.529237,-3.177171,1.508441,
23.866667f,4.531782,-3.173656,1.510300,4.530516,-3.175405,1.509375,4.533048,-3.171907,1.511225,
23.933332f,4.535545,-3.168457,1.513049,4.535545,-3.168457,1.513049,4.535545,-3.168457,1.513049,
24.033333f,4.539238,-3.163354,1.515747,4.539238,-3.163354,1.515747,4.539238,-3.163354,1.515747,
24.053333f,1.584880,-5.911721,0.587090,1.584880,-5.911721,0.587090,1.584880,-5.911721,0.587090,
24.133333f,1.584880,-5.911721,0.587090,1.584880,-5.911721,0.587090,1.584880,-5.911721,0.587090,
25.400000f,1.584880,-5.911721,0.587090,1.584880,-5.911721,0.587090,1.584880,-5.911721,0.587090,
25.500000f,1.584880,-5.911721,0.587090,1.584880,-5.911721,0.587090,1.584880,-5.911721,0.587090,
25.500000f,4.155990,-2.899785,0.574072,4.155990,-2.899785,0.574072,4.155990,-2.899785,0.574072,
28.833334f,3.912096,-2.911599,0.835796,3.912096,-2.911599,0.835796,3.912096,-2.911599,0.835796,
28.853334f,1.950485,-4.734540,1.087400,1.950485,-4.734540,1.087400,1.950485,-4.734540,1.087400,
31.066668f,1.782238,-4.634635,1.188226,1.782238,-4.634635,1.188226,1.782238,-4.634635,1.188226,
31.100000f,3.905965,-4.227749,0.857019,3.905965,-4.227749,0.857019,3.905965,-4.227749,0.857019,
41.733334f,3.776978,-4.086753,0.924537,3.776978,-4.086753,0.924537,3.776978,-4.086753,0.924537,
41.753334f,2.315613,-9.038764,0.115674,2.315613,-9.038764,0.115674,2.315613,-9.038764,0.115674,
44.666668f,2.663440,-8.958664,0.079982,2.663440,-8.958664,0.079982,2.663440,-8.958664,0.079982,
;
293,
0.000000f,3.247392,-0.732756,4.464355,3.247392,-0.732756,4.464355,3.247392,-0.732756,4.464355,
5.433333f,2.975948,-0.605041,1.913203,2.975948,-0.605041,1.913203,2.975948,-0.605041,1.913203,
5.433333f,4.147374,0.034451,2.142411,4.147374,0.034451,2.142411,4.147374,0.034451,2.142411,
5.533333f,4.142404,0.030342,2.144520,4.142404,0.030342,2.144520,4.142404,0.030342,2.144520,
5.600000f,4.137146,0.025999,2.146779,4.138987,0.027515,2.145957,4.135304,0.024484,2.147602,
5.666667f,4.131357,0.021247,2.149456,4.133378,0.022901,2.148491,4.129337,0.019592,2.150420,
5.733333f,4.125022,0.016070,2.152566,4.127221,0.017863,2.151463,4.122823,0.014278,2.153670,
5.800000f,4.118164,0.010488,2.156079,4.120533,0.012414,2.154846,4.115795,0.008563,2.157311,
5.866667f,4.110806,0.004516,2.159962,4.113338,0.006569,2.158611,4.108275,0.002464,2.161314,
5.933333f,4.102975,-0.001827,2.164186,4.105660,0.000346,2.162727,4.100290,-0.004001,2.165644,
6.000000f,4.094694,-0.008526,2.168717,4.097525,-0.006237,2.167161,4.091863,-0.010815,2.170273,
6.066667f,4.085987,-0.015562,2.173525,4.088956,-0.013164,2.171881,4.083018,-0.017961,2.175168,
6.133333f,4.076880,-0.022920,2.178579,4.079978,-0.020417,2.176858,4.073781,-0.025422,2.180299,
6.200000f,4.067395,-0.030580,2.183846,4.070615,-0.027979,2.182060,4.064175,-0.033182,2.185633,
6.266667f,4.057558,-0.038528,2.189297,4.060891,-0.035834,2.187455,4.054224,-0.041222,2.191139,
6.333333f,4.047392,-0.046745,2.194899,4.050831,-0.043964,2.193012,4.043954,-0.049525,2.196786,
6.400000f,4.036924,-0.055214,2.200621,4.040460,-0.052352,2.198699,4.033388,-0.058076,2.202543,
6.466667f,4.026176,-0.063918,2.206432,4.029801,-0.060980,2.204485,4.022551,-0.066855,2.208378,
6.533333f,4.015173,-0.072840,2.212300,4.018878,-0.069833,2.210340,4.011467,-0.075848,2.214260,
6.600000f,4.003940,-0.081964,2.218194,4.007718,-0.078892,2.216230,4.000161,-0.085035,2.220157,
6.666667f,3.992500,-0.091271,2.224082,3.996343,-0.088141,2.222126,3.988657,-0.094401,2.226039,
6.733333f,3.980879,-0.100745,2.229934,3.984778,-0.097562,2.227995,3.976979,-0.103927,2.231873,
6.800000f,3.969099,-0.110368,2.235718,3.973047,-0.107139,2.233807,3.965151,-0.113598,2.237629,
6.866667f,3.957187,-0.120124,2.241403,3.961176,-0.116853,2.239530,3.953199,-0.123395,2.243275,
6.933333f,3.945167,-0.129996,2.246956,3.949187,-0.126689,2.245132,3.941146,-0.133302,2.248780,
7.000000f,3.933062,-0.139966,2.252348,3.937107,-0.136629,2.250583,3.929018,-0.143302,2.254112,
7.066667f,3.920897,-0.150017,2.257546,3.924958,-0.146656,2.255851,3.916837,-0.153377,2.259241,
7.133333f,3.908697,-0.160132,2.262519,3.912765,-0.156752,2.260904,3.904629,-0.163511,2.264134,
7.200000f,3.896485,-0.170294,2.267236,3.900553,-0.166902,2.265712,3.892417,-0.173686,2.268760,
7.266667f,3.884287,-0.180486,2.271665,3.888346,-0.177087,2.270242,3.880227,-0.183885,2.273088,
7.333333f,3.872126,-0.190690,2.275776,3.876169,-0.187290,2.274464,3.868083,-0.194091,2.277087,
7.400000f,3.860027,-0.200891,2.279536,3.864045,-0.197494,2.278346,3.856009,-0.204287,2.280726,
7.466667f,3.848014,-0.211070,2.282915,3.852000,-0.207683,2.281857,3.844029,-0.214456,2.283972,
7.533333f,3.836112,-0.221210,2.285880,3.840057,-0.217839,2.284966,3.832168,-0.224580,2.286794,
7.600000f,3.824345,-0.231294,2.288401,3.828241,-0.227945,2.287640,3.820450,-0.234644,2.289162,
7.666667f,3.812738,-0.241306,2.290447,3.816576,-0.237984,2.289850,3.808900,-0.244628,2.291044,
7.733333f,3.801314,-0.251228,2.291986,3.805089,-0.247936,2.291562,3.797539,-0.254520,2.292409,
7.800000f,3.790085,-0.261059,2.292989,3.793842,-0.257743,2.292735,3.786328,-0.264375,2.293242,
7.866667f,3.778771,-0.271128,2.293504,3.782574,-0.267714,2.293406,3.774968,-0.274543,2.293603,
7.933333f,3.767267,-0.281548,2.293578,3.771130,-0.278022,2.293623,3.763403,-0.285074,2.293532,
8.000000f,3.755589,-0.292285,2.293232,3.759507,-0.288659,2.293413,3.751671,-0.295910,2.293051,
8.066667f,3.743756,-0.303305,2.292490,3.747723,-0.299590,2.292799,3.739789,-0.307019,2.292180,
8.133333f,3.731784,-0.314575,2.291375,3.735794,-0.310783,2.291805,3.727773,-0.318368,2.290945,
8.200000f,3.719691,-0.326062,2.289911,3.723739,-0.322203,2.290453,3.715643,-0.329922,2.289368,
8.266666f,3.707494,-0.337733,2.288120,3.711573,-0.333818,2.288767,3.703414,-0.341648,2.287472,
8.333333f,3.695209,-0.349555,2.286026,3.699315,-0.345595,2.286770,3.691103,-0.353514,2.285281,
8.400000f,3.682855,-0.361493,2.283651,3.686982,-0.357500,2.284485,3.678729,-0.365486,2.282817,
8.466666f,3.670449,-0.373515,2.281020,3.674590,-0.369499,2.281936,3.666309,-0.377530,2.280104,
8.533334f,3.658008,-0.385587,2.278155,3.662158,-0.381560,2.279145,3.653859,-0.389613,2.277165,
8.600000f,3.645550,-0.397676,2.275080,3.649702,-0.393649,2.276136,3.641397,-0.401702,2.274024,
8.666667f,3.633090,-0.409748,2.271817,3.637240,-0.405733,2.272932,3.628940,-0.413764,2.270702,
8.733334f,3.620647,-0.421771,2.268390,3.624789,-0.417778,2.269556,3.616505,-0.425765,2.267225,
8.800000f,3.608238,-0.433711,2.264822,3.612365,-0.429751,2.266031,3.604110,-0.437672,2.263613,
8.866667f,3.595880,-0.445535,2.261137,3.599987,-0.441619,2.262381,3.591772,-0.449451,2.259893,
8.933333f,3.583590,-0.457209,2.257357,3.587672,-0.453348,2.258629,3.579509,-0.461069,2.256085,
9.000000f,3.571387,-0.468700,2.253505,3.575437,-0.464906,2.254797,3.567336,-0.472494,2.252214,
9.066667f,3.559285,-0.479974,2.249606,3.563299,-0.476258,2.250910,3.555272,-0.483691,2.248302,
9.133333f,3.547305,-0.490999,2.245682,3.551275,-0.487372,2.246990,3.543334,-0.494627,2.244373,
9.200000f,3.535461,-0.501741,2.241755,3.539383,-0.498214,2.243060,3.531540,-0.505269,2.240450,
9.266666f,3.523772,-0.512167,2.237850,3.527640,-0.508750,2.239145,3.519905,-0.515584,2.236556,
9.333333f,3.512255,-0.522243,2.233990,3.516062,-0.518949,2.235265,3.508448,-0.525538,2.232715,
9.400000f,3.500928,-0.531936,2.230198,3.504669,-0.528775,2.231447,3.497186,-0.535097,2.228949,
9.466666f,3.489806,-0.541213,2.226496,3.493476,-0.538196,2.227711,3.486137,-0.544230,2.225282,
9.533334f,3.478908,-0.550040,2.222909,3.482500,-0.547178,2.224082,3.475316,-0.552902,2.221737,
9.600000f,3.468251,-0.558384,2.219460,3.471763,-0.555685,2.220588,3.464740,-0.561084,2.218331,
9.666667f,3.457835,-0.566239,2.216137,3.461283,-0.563678,2.217254,3.454387,-0.568799,2.215020,
9.733334f,3.447563,-0.573749,2.212756,3.450966,-0.571297,2.213897,3.444160,-0.576200,2.211615,
9.800000f,3.437413,-0.580951,2.209291,3.440776,-0.578599,2.210459,3.434050,-0.583302,2.208122,
9.866667f,3.427383,-0.587859,2.205744,3.430707,-0.585603,2.206938,3.424060,-0.590114,2.204549,
9.933333f,3.417469,-0.594485,2.202121,3.420755,-0.592321,2.203341,3.414183,-0.596649,2.200902,
10.000000f,3.407666,-0.600842,2.198429,3.410915,-0.598766,2.199670,3.404416,-0.602918,2.197187,
10.066667f,3.397970,-0.606943,2.194670,3.401184,-0.604950,2.195933,3.394756,-0.608936,2.193407,
10.133333f,3.388378,-0.612801,2.190851,3.391558,-0.610887,2.192133,3.385198,-0.614715,2.189569,
10.200000f,3.378886,-0.618428,2.186976,3.382034,-0.616589,2.188276,3.375738,-0.620268,2.185676,
10.266666f,3.369489,-0.623838,2.183050,3.372606,-0.622069,2.184366,3.366372,-0.625607,2.181734,
10.333333f,3.360184,-0.629043,2.179079,3.363271,-0.627340,2.180410,3.357097,-0.630746,2.177749,
10.400000f,3.350967,-0.634056,2.175067,3.354025,-0.632415,2.176410,3.347909,-0.635697,2.173724,
10.466666f,3.341834,-0.638889,2.171020,3.344865,-0.637306,2.172374,3.338803,-0.640472,2.169666,
10.533334f,3.332781,-0.643556,2.166941,3.335786,-0.642026,2.168305,3.329776,-0.645086,2.165577,
10.600000f,3.323804,-0.648070,2.162837,3.326784,-0.646589,2.164208,3.320824,-0.649551,2.161466,
10.666667f,3.314898,-0.652442,2.158712,3.317855,-0.651006,2.160089,3.311942,-0.653878,2.157335,
10.733334f,3.306062,-0.656687,2.154572,3.308996,-0.655291,2.155953,3.303127,-0.658082,2.153190,
10.800000f,3.297289,-0.660816,2.150420,3.300203,-0.659457,2.151805,3.294375,-0.662176,2.149035,
10.866667f,3.288577,-0.664843,2.146263,3.291471,-0.663516,2.147649,3.285682,-0.666171,2.144877,
10.933333f,3.279921,-0.668781,2.142105,3.282797,-0.667481,2.143490,3.277044,-0.670080,2.140719,
11.000000f,3.271317,-0.672641,2.137951,3.274177,-0.671365,2.139334,3.268457,-0.673917,2.136568,
11.066667f,3.262762,-0.676438,2.133806,3.265606,-0.675181,2.135185,3.259918,-0.677695,2.132427,
11.133333f,3.254251,-0.680183,2.129675,3.257081,-0.678941,2.131049,3.251421,-0.681425,2.128302,
11.200000f,3.245781,-0.683891,2.125564,3.248598,-0.682659,2.126930,3.242964,-0.685122,2.124198,
11.266666f,3.237348,-0.687572,2.121477,3.240153,-0.686347,2.122834,3.234543,-0.688797,2.120119,
11.333333f,3.228947,-0.691241,2.117419,3.231743,-0.690018,2.118765,3.226152,-0.692464,2.116072,
11.400000f,3.220576,-0.694910,2.113394,3.223362,-0.693685,2.114729,3.217789,-0.696135,2.112060,
11.466666f,3.212229,-0.698591,2.109409,3.215007,-0.697360,2.110730,3.209450,-0.699823,2.108088,
11.533334f,3.203902,-0.702299,2.105468,3.206675,-0.701057,2.106774,3.201130,-0.703541,2.104163,
11.600000f,3.195594,-0.706045,2.101576,3.198361,-0.704788,2.102865,3.192827,-0.707302,2.100288,
11.666667f,3.187298,-0.709842,2.097738,3.190061,-0.708566,2.099008,3.184534,-0.711118,2.096469,
11.733334f,3.179011,-0.713703,2.093960,3.181772,-0.712403,2.095208,3.176250,-0.715003,2.092711,
11.800000f,3.170729,-0.717641,2.090245,3.173490,-0.716314,2.091471,3.167969,-0.718969,2.089018,
11.866667f,3.162449,-0.721669,2.086599,3.165209,-0.720310,2.087802,3.159689,-0.723029,2.085396,
11.933333f,3.154166,-0.725800,2.083027,3.156928,-0.724404,2.084204,3.151404,-0.727195,2.081850,
12.000000f,3.145876,-0.730045,2.079534,3.148641,-0.728609,2.080684,3.143112,-0.731482,2.078384,
12.066667f,3.137576,-0.734419,2.076125,3.140351,-0.732941,2.077251,3.134802,-0.735898,2.074998,
12.133333f,3.129228,-0.738916,2.072774,3.132031,-0.737404,2.073893,3.126426,-0.740429,2.071656,
12.200000f,3.120757,-0.743495,2.069413,3.123600,-0.741957,2.070535,3.117914,-0.745033,2.068290,
12.266666f,3.112170,-0.748147,2.066040,3.115049,-0.746585,2.067165,3.109291,-0.749708,2.064914,
12.333333f,3.103482,-0.752863,2.062659,3.106393,-0.751281,2.063787,3.100572,-0.754444,2.061532,
12.400000f,3.094706,-0.757636,2.059274,3.097644,-0.756037,2.060402,3.091768,-0.759236,2.058146,
12.466666f,3.085855,-0.762460,2.055889,3.088815,-0.760845,2.057017,3.082894,-0.764074,2.054761,
12.533334f,3.076941,-0.767325,2.052506,3.079920,-0.765697,2.053632,3.073962,-0.768952,2.051380,
12.600000f,3.067978,-0.772224,2.049130,3.070971,-0.770587,2.050253,3.064985,-0.773862,2.048006,
12.666667f,3.058980,-0.777150,2.045763,3.061983,-0.775505,2.046883,3.055977,-0.778795,2.044643,
12.733334f,3.049960,-0.782095,2.042410,3.052968,-0.780445,2.043525,3.046952,-0.783745,2.041296,
12.800000f,3.040930,-0.787052,2.039074,3.043939,-0.785399,2.040183,3.037920,-0.788705,2.037966,
12.866667f,3.031904,-0.792012,2.035759,3.034909,-0.790359,2.036860,3.028898,-0.793665,2.034658,
12.933333f,3.022895,-0.796969,2.032467,3.025892,-0.795318,2.033560,3.019897,-0.798619,2.031375,
13.000000f,3.013915,-0.801913,2.029203,3.016901,-0.800268,2.030286,3.010930,-0.803558,2.028120,
13.066667f,3.004980,-0.806839,2.025970,3.007949,-0.805202,2.027042,3.002011,-0.808476,2.024898,
13.133333f,2.996101,-0.811738,2.022771,2.999048,-0.810111,2.023831,2.993153,-0.813365,2.021712,
13.200000f,2.987291,-0.816602,2.019611,2.990213,-0.814988,2.020657,2.984368,-0.818217,2.018564,
13.266666f,2.978565,-0.821425,2.016492,2.981457,-0.819826,2.017524,2.975672,-0.823024,2.015460,
13.333333f,2.969934,-0.826197,2.013418,2.972792,-0.824616,2.014434,2.967075,-0.827778,2.012401,
13.400000f,2.961412,-0.830912,2.010393,2.964232,-0.829352,2.011392,2.958592,-0.832473,2.009393,
13.466666f,2.953013,-0.835563,2.007419,2.955790,-0.834025,2.008401,2.950236,-0.837100,2.006438,
13.533334f,2.944749,-0.840140,2.004502,2.947479,-0.838628,2.005464,2.942020,-0.841652,2.003539,
13.600000f,2.936634,-0.844637,2.001643,2.939312,-0.843153,2.002586,2.933956,-0.846122,2.000701,
13.666667f,2.928681,-0.849047,1.998848,2.931303,-0.847593,1.999768,2.926059,-0.850500,1.997927,
13.733334f,2.920903,-0.853360,1.996118,2.923464,-0.851940,1.997016,2.918342,-0.854781,1.995220,
13.800000f,2.913313,-0.857571,1.993458,2.915809,-0.856186,1.994333,2.910816,-0.858956,1.992584,
13.866667f,2.905924,-0.861670,1.990872,2.908350,-0.860324,1.991721,2.903497,-0.863017,1.990023,
13.933333f,2.898750,-0.865652,1.988362,2.901103,-0.864346,1.989185,2.896396,-0.866957,1.987539,
14.000000f,2.891803,-0.869507,1.985932,2.894078,-0.868244,1.986728,2.889528,-0.870769,1.985137,
14.066667f,2.885097,-0.873228,1.983587,2.887290,-0.872011,1.984354,2.882905,-0.874444,1.982819,
14.133333f,2.878646,-0.876808,1.981328,2.880752,-0.875639,1.982066,2.876540,-0.877976,1.980591,
14.200000f,2.872461,-0.880238,1.979161,2.874475,-0.879121,1.979867,2.870446,-0.881356,1.978454,
14.266666f,2.866557,-0.883512,1.977087,2.868476,-0.882448,1.977762,2.864638,-0.884576,1.976413,
14.333333f,2.860946,-0.886622,1.975112,2.862765,-0.885614,1.975753,2.859127,-0.887630,1.974470,
14.400000f,2.855642,-0.889560,1.973238,2.857356,-0.888610,1.973845,2.853927,-0.890509,1.972631,
14.466666f,2.850657,-0.892318,1.971469,2.852263,-0.891430,1.972040,2.849051,-0.893206,1.970897,
14.533334f,2.846006,-0.894888,1.969808,2.847499,-0.894064,1.970343,2.844514,-0.895713,1.969273,
14.600000f,2.841701,-0.897264,1.968259,2.843073,-0.896508,1.968755,2.840329,-0.898021,1.967763,
14.666667f,2.837775,-0.899428,1.966834,2.838948,-0.898778,1.967259,2.836602,-0.900077,1.966408,
14.733334f,2.834662,-0.901162,1.965705,2.835545,-0.900665,1.966024,2.833779,-0.901659,1.965386,
14.800000f,2.832477,-0.902411,1.964919,2.833063,-0.902069,1.965128,2.831892,-0.902753,1.964710,
14.866667f,2.831147,-0.903212,1.964451,2.831460,-0.903013,1.964559,2.830833,-0.903411,1.964343,
14.933333f,2.830598,-0.903603,1.964272,2.830663,-0.903535,1.964288,2.830533,-0.903671,1.964255,
15.000000f,2.830757,-0.903621,1.964354,2.830598,-0.903671,1.964287,2.830916,-0.903572,1.964420,
15.066667f,2.831551,-0.903305,1.964671,2.831193,-0.903460,1.964531,2.831909,-0.903150,1.964811,
15.133333f,2.832905,-0.902691,1.965195,2.832373,-0.902939,1.964990,2.833438,-0.902444,1.965399,
15.200000f,2.834747,-0.901819,1.965899,2.834064,-0.902147,1.965639,2.835430,-0.901491,1.966159,
15.266666f,2.837004,-0.900724,1.966755,2.836195,-0.901120,1.966449,2.837812,-0.900329,1.967061,
15.333333f,2.839601,-0.899446,1.967736,2.838691,-0.899897,1.967393,2.840511,-0.898996,1.968079,
15.400000f,2.842465,-0.898022,1.968814,2.841478,-0.898514,1.968443,2.843452,-0.897529,1.969186,
15.466666f,2.845523,-0.896488,1.969963,2.844483,-0.897011,1.969573,2.846562,-0.895966,1.970353,
15.533334f,2.848701,-0.894885,1.971155,2.847634,-0.895425,1.970755,2.849769,-0.894345,1.971554,
15.600000f,2.851927,-0.893248,1.972362,2.850856,-0.893793,1.971962,2.852998,-0.892703,1.972762,
15.666667f,2.855126,-0.891615,1.973557,2.854076,-0.892152,1.973165,2.856175,-0.891078,1.973949,
15.733334f,2.858225,-0.890025,1.974713,2.857221,-0.890542,1.974339,2.859229,-0.889508,1.975087,
15.800000f,2.861151,-0.888515,1.975802,2.860217,-0.888999,1.975455,2.862085,-0.888031,1.976149,
15.866667f,2.863830,-0.887123,1.976797,2.862990,-0.887561,1.976485,2.864669,-0.886685,1.977108,
15.933333f,2.866189,-0.885886,1.977670,2.865468,-0.886266,1.977404,2.866909,-0.885506,1.977937,
16.000000f,2.868154,-0.884842,1.978395,2.867576,-0.885151,1.978183,2.868731,-0.884533,1.978607,
16.066668f,2.869652,-0.884029,1.978943,2.869243,-0.884255,1.978794,2.870061,-0.883803,1.979092,
16.133333f,2.870609,-0.883484,1.979288,2.870392,-0.883615,1.979212,2.870826,-0.883354,1.979365,
16.200001f,2.870953,-0.883246,1.979402,2.870953,-0.883268,1.979407,2.870953,-0.883224,1.979397,
16.266666f,2.870609,-0.883352,1.979257,2.870850,-0.883253,1.979353,2.870368,-0.883451,1.979162,
16.333334f,2.869504,-0.883839,1.978827,2.870011,-0.883607,1.979023,2.868997,-0.884072,1.978631,
16.400000f,2.867565,-0.884746,1.978083,2.868363,-0.884368,1.978388,2.866768,-0.885124,1.977779,
16.466667f,2.864719,-0.886110,1.976999,2.865831,-0.885573,1.977422,2.863607,-0.886647,1.976577,
16.533333f,2.860891,-0.887968,1.975547,2.862343,-0.887260,1.976097,2.859440,-0.888676,1.974998,
16.600000f,2.856009,-0.890359,1.973700,2.857824,-0.889467,1.974386,2.854193,-0.891251,1.973014,
16.666666f,2.849998,-0.893320,1.971430,2.852202,-0.892232,1.972262,2.847795,-0.894409,1.970599,
16.733334f,2.842787,-0.896889,1.968710,2.845410,-0.895591,1.969705,2.840163,-0.898187,1.967716,
16.799999f,2.834256,-0.901109,1.965465,2.837363,-0.899588,1.966681,2.831150,-0.902631,1.964249,
16.866667f,2.824147,-0.906018,1.961414,2.827768,-0.904273,1.962894,2.820526,-0.907762,1.959934,
16.933332f,2.812529,-0.911577,1.956582,2.816633,-0.909623,1.958310,2.808425,-0.913531,1.954854,
17.000000f,2.799521,-0.917742,1.951045,2.804068,-0.915594,1.952995,2.794975,-0.919890,1.949095,
17.066668f,2.785247,-0.924467,1.944879,2.790196,-0.922140,1.947026,2.780298,-0.926793,1.942732,
17.133333f,2.769826,-0.931705,1.938162,2.775137,-0.929214,1.940480,2.764516,-0.934195,1.935843,
17.200001f,2.753380,-0.939410,1.930968,2.759012,-0.936772,1.933432,2.747748,-0.942049,1.928504,
17.266666f,2.736031,-0.947538,1.923375,2.741944,-0.944766,1.925959,2.730117,-0.950309,1.920790,
17.333334f,2.717897,-0.956041,1.915458,2.724051,-0.953152,1.918138,2.711743,-0.958930,1.912779,
17.400000f,2.699103,-0.964874,1.907295,2.705457,-0.961882,1.910044,2.692748,-0.967865,1.904546,
17.466667f,2.679767,-0.973991,1.898962,2.686281,-0.970912,1.901755,2.673252,-0.977069,1.896168,
17.533333f,2.660012,-0.983346,1.890534,2.666646,-0.980196,1.893346,2.653377,-0.986496,1.887722,
17.600000f,2.639957,-0.992893,1.882089,2.646671,-0.989686,1.884894,2.633244,-0.996099,1.879284,
17.666666f,2.619726,-1.002586,1.873702,2.626479,-0.999339,1.876474,2.612974,-1.005834,1.870929,
17.733334f,2.599438,-1.012380,1.865450,2.606190,-1.009107,1.868165,2.592687,-1.015653,1.862735,
17.799999f,2.579215,-1.022228,1.857409,2.585925,-1.018944,1.860041,2.572506,-1.025512,1.854777,
17.866667f,2.559178,-1.032085,1.849657,2.565805,-1.028806,1.852180,2.552551,-1.035363,1.847134,
17.933332f,2.539448,-1.041904,1.842268,2.545953,-1.038645,1.844657,2.532943,-1.045163,1.839879,
18.000000f,2.520145,-1.051639,1.835320,2.526487,-1.048416,1.837550,2.513803,-1.054863,1.833090,
18.066668f,2.501392,-1.061246,1.828888,2.507531,-1.058073,1.830933,2.495253,-1.064419,1.826844,
18.133333f,2.483309,-1.070677,1.823050,2.489204,-1.067571,1.824884,2.477413,-1.073784,1.821216,
18.200001f,2.466017,-1.079887,1.817881,2.471628,-1.076862,1.819480,2.460405,-1.082913,1.816283,
18.266666f,2.449637,-1.088831,1.813458,2.454924,-1.085902,1.814795,2.444350,-1.091759,1.812121,
18.333334f,2.434291,-1.097461,1.809857,2.439213,-1.094644,1.810908,2.429368,-1.100277,1.808807,
18.400000f,2.420099,-1.105732,1.807155,2.424622,-1.103040,1.807894,2.415576,-1.108425,1.806417,
18.466667f,2.407153,-1.113618,1.805426,2.411357,-1.110989,1.805840,2.402948,-1.116248,1.805013,
18.533333f,2.394870,-1.121511,1.804673,2.398897,-1.118855,1.804774,2.390842,-1.124167,1.804573,
18.600000f,2.382984,-1.129554,1.804823,2.386880,-1.126854,1.804635,2.379089,-1.132255,1.805010,
18.666666f,2.371493,-1.137716,1.805800,2.375258,-1.134982,1.805348,2.367728,-1.140451,1.806251,
18.733334f,2.360394,-1.145965,1.807532,2.364028,-1.143206,1.806841,2.356759,-1.148723,1.808223,
18.799999f,2.349682,-1.154268,1.809945,2.353188,-1.151497,1.809039,2.346176,-1.157039,1.810850,
18.866667f,2.339355,-1.162594,1.812965,2.342734,-1.159820,1.811870,2.335977,-1.165367,1.814061,
18.933332f,2.329411,-1.170910,1.816519,2.332662,-1.168145,1.815258,2.326159,-1.173675,1.817780,
19.000000f,2.319845,-1.179186,1.820532,2.322971,-1.176440,1.819130,2.316719,-1.181932,1.821935,
19.066668f,2.310655,-1.187388,1.824932,2.313656,-1.184671,1.823414,2.307654,-1.190104,1.826451,
19.133333f,2.301837,-1.195484,1.829645,2.304714,-1.192808,1.828034,2.298959,-1.198160,1.831255,
19.200001f,2.293388,-1.203444,1.834596,2.296143,-1.200819,1.832918,2.290633,-1.206068,1.836273,
19.266666f,2.285305,-1.211234,1.839712,2.287939,-1.208671,1.837991,2.282671,-1.213797,1.841432,
19.333334f,2.277585,-1.218823,1.844920,2.280098,-1.216332,1.843181,2.275072,-1.221313,1.846658,
19.400000f,2.270225,-1.226179,1.850145,2.272619,-1.223771,1.848413,2.267832,-1.228586,1.851877,
19.466667f,2.263222,-1.233270,1.855314,2.265497,-1.230956,1.853613,2.260947,-1.235583,1.857016,
19.533333f,2.256572,-1.240063,1.860354,2.258730,-1.237854,1.858708,2.254414,-1.242273,1.862000,
19.600000f,2.250272,-1.246528,1.865190,2.252314,-1.244433,1.863624,2.248230,-1.248622,1.866756,
19.666666f,2.244320,-1.252631,1.869750,2.246246,-1.250662,1.868288,2.242393,-1.254600,1.871211,
19.733334f,2.238711,-1.258341,1.873958,2.240524,-1.256509,1.872626,2.236898,-1.260174,1.875290,
19.799999f,2.233443,-1.263627,1.877742,2.235142,-1.261941,1.876564,2.231744,-1.265312,1.878921,
19.866667f,2.228513,-1.268455,1.881028,2.230100,-1.266927,1.880028,2.226926,-1.269983,1.882028,
19.933332f,2.223917,-1.272794,1.883743,2.225394,-1.271435,1.882946,2.222441,-1.274154,1.884540,
20.000000f,2.219653,-1.276612,1.885811,2.221043,-1.275388,1.885181,2.218263,-1.277837,1.886442,
20.066668f,2.215576,-1.280140,1.887524,2.216927,-1.278971,1.886956,2.214224,-1.281310,1.888091,
20.133333f,2.211542,-1.283630,1.889217,2.212879,-1.282473,1.888656,2.210205,-1.284787,1.889778,
20.200001f,2.207553,-1.287082,1.890892,2.208875,-1.285938,1.890337,2.206231,-1.288226,1.891448,
20.266666f,2.203607,-1.290496,1.892549,2.204915,-1.289364,1.892000,2.202299,-1.291627,1.893098,
20.333334f,2.199705,-1.293872,1.894188,2.200999,-1.292753,1.893644,2.198412,-1.294991,1.894731,
20.400000f,2.195847,-1.297210,1.895808,2.197125,-1.296104,1.895271,2.194568,-1.298317,1.896345,
20.466667f,2.192031,-1.300511,1.897410,2.193296,-1.299417,1.896879,2.190767,-1.301606,1.897941,
20.533333f,2.188259,-1.303775,1.898994,2.189509,-1.302694,1.898469,2.187009,-1.304857,1.899519,
20.600000f,2.184530,-1.307002,1.900560,2.185766,-1.305933,1.900041,2.183294,-1.308071,1.901079,
20.666666f,2.180843,-1.310192,1.902108,2.182065,-1.309135,1.901595,2.179621,-1.311249,1.902621,
20.733334f,2.177199,-1.313345,1.903638,2.178406,-1.312300,1.903131,2.175991,-1.314390,1.904145,
20.799999f,2.173597,-1.316461,1.905151,2.174790,-1.315429,1.904649,2.172403,-1.317494,1.905652,
20.866667f,2.170037,-1.319541,1.906645,2.171217,-1.318521,1.906150,2.168858,-1.320562,1.907140,
20.933332f,2.166520,-1.322585,1.908122,2.167685,-1.321576,1.907633,2.165354,-1.323593,1.908612,
21.000000f,2.163044,-1.325592,1.909582,2.164195,-1.324596,1.909098,2.161892,-1.326589,1.910065,
21.066668f,2.159609,-1.328563,1.911024,2.160747,-1.327579,1.910546,2.158472,-1.329548,1.911502,
21.133333f,2.156217,-1.331499,1.912449,2.157341,-1.330527,1.911977,2.155093,-1.332472,1.912920,
21.200001f,2.152865,-1.334399,1.913856,2.153975,-1.333438,1.913390,2.151755,-1.335360,1.914322,
21.266666f,2.149554,-1.337263,1.915246,2.150651,-1.336315,1.914786,2.148458,-1.338212,1.915706,
21.333334f,2.146285,-1.340092,1.916619,2.147368,-1.339155,1.916164,2.145202,-1.341029,1.917073,
21.400000f,2.143056,-1.342886,1.917975,2.144125,-1.341961,1.917526,2.141987,-1.343811,1.918424,
21.466667f,2.139868,-1.345644,1.919313,2.140924,-1.344731,1.918870,2.138812,-1.346558,1.919757,
21.533333f,2.136720,-1.348368,1.920635,2.137763,-1.347466,1.920197,2.135678,-1.349270,1.921073,
21.600000f,2.133612,-1.351057,1.921940,2.134642,-1.350167,1.921508,2.132583,-1.351947,1.922372,
21.666666f,2.130544,-1.353711,1.923228,2.131560,-1.352832,1.922802,2.129529,-1.354590,1.923655,
21.733334f,2.127517,-1.356331,1.924500,2.128519,-1.355463,1.924079,2.126514,-1.357198,1.924921,
21.799999f,2.124528,-1.358916,1.925755,2.125518,-1.358060,1.925339,2.123539,-1.359772,1.926170,
21.866667f,2.121580,-1.361468,1.926993,2.122556,-1.360623,1.926583,2.120603,-1.362313,1.927403,
21.933332f,2.118670,-1.363985,1.928214,2.119633,-1.363152,1.927810,2.117707,-1.364818,1.928619,
22.000000f,2.115800,-1.366469,1.929420,2.116750,-1.365646,1.929021,2.114850,-1.367291,1.929819,
22.066668f,2.112968,-1.368919,1.930609,2.113906,-1.368108,1.930215,2.112031,-1.369729,1.931002,
22.133333f,2.110176,-1.371335,1.931781,2.111100,-1.370535,1.931393,2.109251,-1.372134,1.932169,
22.200001f,2.107422,-1.373718,1.932938,2.108333,-1.372929,1.932555,2.106510,-1.374506,1.933321,
22.266666f,2.104706,-1.376067,1.934078,2.105605,-1.375290,1.933701,2.103807,-1.376845,1.934455,
22.333334f,2.102028,-1.378384,1.935202,2.102915,-1.377617,1.934830,2.101142,-1.379151,1.935575,
22.400000f,2.099389,-1.380668,1.936311,2.100262,-1.379912,1.935944,2.098516,-1.381423,1.936677,
22.466667f,2.096787,-1.382919,1.937403,2.097648,-1.382174,1.937042,2.095926,-1.383664,1.937765,
22.533333f,2.094223,-1.385137,1.938480,2.095072,-1.384403,1.938124,2.093375,-1.385871,1.938836,
22.600000f,2.091697,-1.387323,1.939541,2.092533,-1.386600,1.939190,2.090861,-1.388046,1.939891,
22.666666f,2.089208,-1.389477,1.940586,2.090031,-1.388764,1.940240,2.088384,-1.390189,1.940932,
22.733334f,2.086756,-1.391598,1.941615,2.087567,-1.390897,1.941275,2.085944,-1.392300,1.941956,
22.799999f,2.084341,-1.393688,1.942629,2.085139,-1.392997,1.942294,2.083542,-1.394379,1.942965,
22.866667f,2.081962,-1.395746,1.943628,2.082749,-1.395065,1.943298,2.081176,-1.396426,1.943958,
22.933332f,2.079621,-1.397772,1.944611,2.080395,-1.397102,1.944286,2.078846,-1.398442,1.944937,
23.000000f,2.077315,-1.399766,1.945580,2.078077,-1.399107,1.945259,2.076553,-1.400426,1.945900,
23.066668f,2.075046,-1.401730,1.946532,2.075797,-1.401080,1.946217,2.074296,-1.402379,1.946847,
23.133333f,2.072813,-1.403662,1.947470,2.073551,-1.403023,1.947160,2.072075,-1.404300,1.947780,
23.200001f,2.070616,-1.405563,1.948392,2.071342,-1.404934,1.948087,2.069890,-1.406191,1.948697,
23.266666f,2.068455,-1.407433,1.949300,2.069169,-1.406815,1.949000,2.067740,-1.408051,1.949600,
23.333334f,2.066329,-1.409272,1.950193,2.067031,-1.408664,1.949898,2.065626,-1.409880,1.950488,
23.400000f,2.064238,-1.411081,1.951071,2.064929,-1.410483,1.950780,2.063547,-1.411679,1.951361,
23.466667f,2.062183,-1.412859,1.951934,2.062862,-1.412272,1.951648,2.061504,-1.413447,1.952219,
23.533333f,2.060162,-1.414608,1.952782,2.060830,-1.414030,1.952502,2.059495,-1.415185,1.953062,
23.600000f,2.058177,-1.416325,1.953616,2.058833,-1.415758,1.953340,2.057521,-1.416893,1.953891,
23.666666f,2.056226,-1.418014,1.954435,2.056870,-1.417456,1.954165,2.055581,-1.418571,1.954706,
23.733334f,2.054309,-1.419672,1.955240,2.054942,-1.419124,1.954974,2.053676,-1.420220,1.955505,
23.799999f,2.052427,-1.421301,1.956030,2.053048,-1.420763,1.955769,2.051805,-1.421838,1.956291,
23.866667f,2.050579,-1.422900,1.956806,2.051189,-1.422372,1.956550,2.049968,-1.423428,1.957063,
23.933332f,2.048764,-1.424469,1.957568,2.048764,-1.424469,1.957568,2.048764,-1.424469,1.957568,
24.033333f,2.046983,-1.426010,1.958316,2.046983,-1.426010,1.958316,2.046983,-1.426010,1.958316,
24.053333f,2.120232,-1.859313,1.711241,2.120232,-1.859313,1.711241,2.120232,-1.859313,1.711241,
24.133333f,2.120232,-1.859313,1.711241,2.120232,-1.859313,1.711241,2.120232,-1.859313,1.711241,
25.400000f,2.120232,-1.859313,1.711241,2.120232,-1.859313,1.711241,2.120232,-1.859313,1.711241,
25.500000f,2.120232,-1.859313,1.711241,2.120232,-1.859313,1.711241,2.120232,-1.859313,1.711241,
25.500000f,2.085648,-3.777501,0.965604,2.085648,-3.777501,0.965604,2.085648,-3.777501,0.965604,
28.833334f,2.337836,-4.012859,1.101599,2.337836,-4.012859,1.101599,2.337836,-4.012859,1.101599,
28.853334f,2.267567,-3.815002,1.410530,2.267567,-3.815002,1.410530,2.267567,-3.815002,1.410530,
31.066668f,2.060110,-3.727207,1.559703,2.060110,-3.727207,1.559703,2.060110,-3.727207,1.559703,
31.100000f,1.836347,-4.444339,1.390417,1.836347,-4.444339,1.390417,1.836347,-4.444339,1.390417,
41.733334f,1.856133,-4.529311,1.411511,1.856133,-4.529311,1.411511,1.856133,-4.529311,1.411511,
41.753334f,1.676871,-4.994205,1.165256,1.676871,-4.994205,1.165256,1.676871,-4.994205,1.165256,
44.666668f,1.676871,-4.994205,1.165256,1.676871,-4.994205,1.165256,1.676871,-4.994205,1.165256,
;
;
                                                                                                                                                                                                                                                                                                                                                                                    